69 0 0 20 0 1 0 0 64 0 60 132 1 241 252 115 117 142 202 114
69 0 0 20 0 1 0 0 64 0 59 213 140 132 75 69 124 111 234 219
69 0 0 20 0 1 0 0 64 0 42 13 2 22 68 205 160 171 105 78
69 0 0 20 0 1 0 0 64 0 20 29 60 74 62 37 46 206 189 143
69 0 0 20 0 1 0 0 64 0 56 4 44 182 249 42 45 91 239 169
69 0 0 20 0 1 0 0 64 0 165 195 74 54 22 241 134 107 237 147
69 0 0 20 0 1 0 0 64 0 231 241 93 215 33 60 156 50 119 178
69 0 0 20 0 1 0 0 64 0 141 117 51 50 63 6 3 35 120 25
69 0 0 20 0 1 0 0 64 0 165 195 74 54 22 241 134 107 237 147
69 0 0 20 0 1 0 0 64 0 147 181 63 18 243 206 189 125 246 213
69 0 0 20 0 1 0 0 64 0 196 4 66 166 168 162 213 252 245 159
69 0 0 20 0 1 0 0 64 0 3 104 96 223 55 64 187 113 35 241
69 0 0 20 0 1 0 0 64 0 20 29 60 74 62 37 46 206 189 143
69 0 0 20 0 1 0 0 64 0 254 242 143 56 141 254 208 5 142 186
69 0 0 20 0 1 0 0 64 0 244 144 164 220 11 84 90 161 123 135
69 0 0 20 0 1 0 0 64 0 20 29 60 74 62 37 46 206 189 143
69 0 0 20 0 1 0 0 64 0 150 141 84 143 166 17 98 20 135 167
69 0 0 20 0 1 0 0 64 0 236 17 216 9 230 65 111 30 97 110
69 0 0 20 0 1 0 0 64 0 15 2 48 82 197 157 219 76 154 171
69 0 0 20 0 1 0 0 64 0 88 37 150 12 82 5 144 1 170 177
69 0 0 20 0 1 0 0 64 0 15 2 48 82 197 157 219 76 154 171
69 0 0 20 0 1 0 0 64 0 230 65 126 107 175 241 85 11 17 64
69 0 0 20 0 1 0 0 64 0 20 29 60 74 62 37 46 206 189 143
69 0 0 20 0 1 0 0 64 0 165 195 74 54 22 241 134 107 237 147
69 0 0 20 0 1 0 0 64 0 181 103 126 223 195 71 155 191 231 155
69 0 0 20 0 1 0 0 64 0 196 4 66 166 168 162 213 252 245 159
69 0 0 20 0 1 0 0 64 0 196 4 66 166 168 162 213 252 245 159
69 0 0 20 0 1 0 0 64 0 244 144 164 220 11 84 90 161 123 135
69 0 0 20 0 1 0 0 64 0 20 29 60 74 62 37 46 206 189 143
69 0 0 20 0 1 0 0 64 0 244 144 164 220 11 84 90 161 123 135
69 0 0 20 0 1 0 0 64 0 84 74 88 111 97 216 208 127 155 216
69 0 0 20 0 1 0 0 64 0 56 4 44 182 249 42 45 91 239 169
69 0 0 20 0 1 0 0 64 0 236 192 63 158 20 84 207 72 106 238
69 0 0 20 0 1 0 0 64 0 68 46 211 228 129 66 197 59 28 89
69 0 0 20 0 1 0 0 64 0 196 4 66 166 168 162 213 252 245 159
69 0 0 20 0 1 0 0 64 0 20 29 60 74 62 37 46 206 189 143
69 0 0 20 0 1 0 0 64 0 168 198 167 136 32 130 38 193 227 87
69 0 0 20 0 1 0 0 64 0 56 4 44 182 249 42 45 91 239 169
69 0 0 20 0 1 0 0 64 0 244 144 164 220 11 84 90 161 123 135
69 0 0 20 0 1 0 0 64 0 113 26 43 182 244 96 142 183 91 1
69 0 0 20 0 1 0 0 64 0 165 195 74 54 22 241 134 107 237 147
69 0 0 20 0 1 0 0 64 0 144 212 219 87 24 180 143 14 102 251
69 0 0 20 0 1 0 0 64 0 56 4 44 182 249 42 45 91 239 169
69 0 0 20 0 1 0 0 64 0 15 2 48 82 197 157 219 76 154 171
69 0 0 20 0 1 0 0 64 0 13 185 158 132 3 232 13 218 188 234
69 0 0 20 0 1 0 0 64 0 196 4 66 166 168 162 213 252 245 159
69 0 0 20 0 1 0 0 64 0 196 4 66 166 168 162 213 252 245 159
69 0 0 20 0 1 0 0 64 0 166 197 76 190 37 173 61 231 35 210
69 0 0 20 0 1 0 0 64 0 59 213 140 132 75 69 124 111 234 219
69 0 0 20 0 1 0 0 64 0 70 168 153 97 147 234 198 209 64 36
69 0 0 20 0 1 0 0 64 0 48 49 65 59 158 97 21 58 85 226
69 0 0 20 0 1 0 0 64 0 199 87 140 242 142 30 125 125 27 4
69 0 0 20 0 1 0 0 64 0 192 199 64 253 183 126 36 75 157 91
69 0 0 20 0 1 0 0 64 0 93 5 64 43 26 80 145 193 49 168
69 0 0 20 0 1 0 0 64 0 38 178 51 100 250 171 216 200 77 95
69 0 0 20 0 1 0 0 64 0 56 4 44 182 249 42 45 91 239 169
69 0 0 20 0 1 0 0 64 0 56 4 44 182 249 42 45 91 239 169
69 0 0 20 0 1 0 0 64 0 93 5 64 43 26 80 145 193 49 168
69 0 0 20 0 1 0 0 64 0 56 4 44 182 249 42 45 91 239 169
69 0 0 20 0 1 0 0 64 0 210 116 34 222 19 105 59 212 54 90
69 0 0 20 0 1 0 0 64 0 244 144 164 220 11 84 90 161 123 135
69 0 0 20 0 1 0 0 64 0 58 103 91 107 244 148 86 138 153 248
69 0 0 20 0 1 0 0 64 0 59 213 140 132 75 69 124 111 234 219
69 0 0 20 0 1 0 0 64 0 66 161 187 215 26 104 3 106 94 159
69 0 0 20 0 1 0 0 64 0 59 213 140 132 75 69 124 111 234 219
69 0 0 20 0 1 0 0 64 0 103 7 205 245 114 167 201 17 10 52
69 0 0 20 0 1 0 0 64 0 57 13 198 194 203 228 42 192 132 117
69 0 0 20 0 1 0 0 64 0 56 4 44 182 249 42 45 91 239 169
69 0 0 20 0 1 0 0 64 0 20 29 60 74 62 37 46 206 189 143
69 0 0 20 0 1 0 0 64 0 192 22 26 245 83 210 77 246 254 21
69 0 0 20 0 1 0 0 64 0 20 29 60 74 62 37 46 206 189 143
69 0 0 20 0 1 0 0 64 0 93 5 64 43 26 80 145 193 49 168
69 0 0 20 0 1 0 0 64 0 198 20 215 144 114 152 94 182 11 246
69 0 0 20 0 1 0 0 64 0 93 5 64 43 26 80 145 193 49 168
69 0 0 20 0 1 0 0 64 0 244 144 164 220 11 84 90 161 123 135
69 0 0 20 0 1 0 0 64 0 56 4 44 182 249 42 45 91 239 169
69 0 0 20 0 1 0 0 64 0 121 109 30 116 237 217 179 238 65 64
69 0 0 20 0 1 0 0 64 0 33 140 104 94 38 93 21 233 180 185
69 0 0 20 0 1 0 0 64 0 145 223 222 164 75 96 216 168 230 92
69 0 0 20 0 1 0 0 64 0 36 225 82 141 145 146 31 122 82 111
69 0 0 20 0 1 0 0 64 0 107 199 59 133 73 195 73 87 64 131
69 0 0 20 0 1 0 0 64 0 196 4 66 166 168 162 213 252 245 159
69 0 0 20 0 1 0 0 64 0 59 213 140 132 75 69 124 111 234 219
69 0 0 20 0 1 0 0 64 0 59 213 140 132 75 69 124 111 234 219
69 0 0 20 0 1 0 0 64 0 20 155 151 213 96 113 119 185 246 78
69 0 0 20 0 1 0 0 64 0 126 253 73 92 53 201 96 132 28 67
69 0 0 20 0 1 0 0 64 0 232 186 131 199 149 223 96 172 23 220
69 0 0 20 0 1 0 0 64 0 15 2 48 82 197 157 219 76 154 171
69 0 0 20 0 1 0 0 64 0 133 22 52 21 197 169 177 82 74 194
69 0 0 20 0 1 0 0 64 0 238 133 202 49 45 29 119 18 30 3
69 0 0 20 0 1 0 0 64 0 244 144 164 220 11 84 90 161 123 135
69 0 0 20 0 1 0 0 64 0 5 139 18 186 47 147 95 61 211 212
69 0 0 20 0 1 0 0 64 0 165 195 74 54 22 241 134 107 237 147
69 0 0 20 0 1 0 0 64 0 94 181 25 161 47 187 190 15 20 201
69 0 0 20 0 1 0 0 64 0 20 29 60 74 62 37 46 206 189 143
69 0 0 20 0 1 0 0 64 0 20 29 60 74 62 37 46 206 189 143
69 0 0 20 0 1 0 0 64 0 196 4 66 166 168 162 213 252 245 159
69 0 0 20 0 1 0 0 64 0 173 129 129 134 65 133 175 239 90 109
69 0 0 20 0 1 0 0 64 0 20 29 60 74 62 37 46 206 189 143
69 0 0 20 0 1 0 0 64 0 196 4 66 166 168 162 213 252 245 159
69 0 0 20 0 1 0 0 64 0 210 209 115 99 178 254 154 40 231 141
69 0 0 20 0 1 0 0 64 0 180 180 126 160 85 51 106 174 135 179
69 0 0 20 0 1 0 0 64 0 59 213 140 132 75 69 124 111 234 219
69 0 0 20 0 1 0 0 64 0 222 155 10 186 207 34 136 20 58 93
69 0 0 20 0 1 0 0 64 0 122 192 180 86 142 179 179 170 9 117
69 0 0 20 0 1 0 0 64 0 137 115 100 44 18 203 212 21 166 105
69 0 0 20 0 1 0 0 64 0 196 4 66 166 168 162 213 252 245 159
69 0 0 20 0 1 0 0 64 0 93 2 89 220 219 192 8 232 223 98
69 0 0 20 0 1 0 0 64 0 244 144 164 220 11 84 90 161 123 135
69 0 0 20 0 1 0 0 64 0 197 157 153 200 183 35 167 172 188 179
69 0 0 20 0 1 0 0 64 0 69 59 92 240 238 229 208 86 25 130
69 0 0 20 0 1 0 0 64 0 165 195 74 54 22 241 134 107 237 147
69 0 0 20 0 1 0 0 64 0 196 4 66 166 168 162 213 252 245 159
69 0 0 20 0 1 0 0 64 0 56 4 44 182 249 42 45 91 239 169
69 0 0 20 0 1 0 0 64 0 65 55 112 148 129 142 174 207 152 192
69 0 0 20 0 1 0 0 64 0 59 213 140 132 75 69 124 111 234 219
69 0 0 20 0 1 0 0 64 0 56 4 44 182 249 42 45 91 239 169
69 0 0 20 0 1 0 0 64 0 170 195 217 247 138 106 92 207 14 245
69 0 0 20 0 1 0 0 64 0 188 42 212 101 87 5 175 42 228 41
69 0 0 20 0 1 0 0 64 0 226 197 29 251 32 210 85 117 3 226
69 0 0 20 0 1 0 0 64 0 15 2 48 82 197 157 219 76 154 171
69 0 0 20 0 1 0 0 64 0 34 93 28 51 152 90 219 103 200 151
69 0 0 20 0 1 0 0 64 0 196 4 66 166 168 162 213 252 245 159
69 0 0 20 0 1 0 0 64 0 56 4 44 182 249 42 45 91 239 169
69 0 0 20 0 1 0 0 64 0 20 29 60 74 62 37 46 206 189 143
69 0 0 20 0 1 0 0 64 0 178 114 99 164 163 228 78 37 114 201
69 0 0 20 0 1 0 0 64 0 2 149 67 89 89 48 38 210 180 249
69 0 0 20 0 1 0 0 64 0 93 5 64 43 26 80 145 193 49 168
69 0 0 20 0 1 0 0 64 0 15 2 48 82 197 157 219 76 154 171
69 0 0 20 0 1 0 0 64 0 165 195 74 54 22 241 134 107 237 147
69 0 0 20 0 1 0 0 64 0 244 144 164 220 11 84 90 161 123 135
69 0 0 20 0 1 0 0 64 0 174 95 181 47 206 185 77 76 251 84
69 0 0 20 0 1 0 0 64 0 158 89 67 245 167 139 20 78 220 193
69 0 0 20 0 1 0 0 64 0 8 219 32 157 23 93 37 25 20 252
69 0 0 20 0 1 0 0 64 0 56 4 44 182 249 42 45 91 239 169
69 0 0 20 0 1 0 0 64 0 176 70 51 184 114 19 160 71 132 144
69 0 0 20 0 1 0 0 64 0 196 4 66 166 168 162 213 252 245 159
69 0 0 20 0 1 0 0 64 0 164 6 138 162 102 148 185 25 44 147
69 0 0 20 0 1 0 0 64 0 165 195 74 54 22 241 134 107 237 147
69 0 0 20 0 1 0 0 64 0 165 195 74 54 22 241 134 107 237 147
69 0 0 20 0 1 0 0 64 0 15 2 48 82 197 157 219 76 154 171
69 0 0 20 0 1 0 0 64 0 250 93 159 83 16 19 135 253 73 40
69 0 0 20 0 1 0 0 64 0 93 5 64 43 26 80 145 193 49 168
69 0 0 20 0 1 0 0 64 0 62 101 5 209 40 94 186 173 83 168
69 0 0 20 0 1 0 0 64 0 15 2 48 82 197 157 219 76 154 171
69 0 0 20 0 1 0 0 64 0 62 88 64 61 175 139 90 190 242 10
69 0 0 20 0 1 0 0 64 0 20 29 60 74 62 37 46 206 189 143
69 0 0 20 0 1 0 0 64 0 56 4 44 182 249 42 45 91 239 169
69 0 0 20 0 1 0 0 64 0 93 5 64 43 26 80 145 193 49 168
69 0 0 20 0 1 0 0 64 0 59 213 140 132 75 69 124 111 234 219
69 0 0 20 0 1 0 0 64 0 49 71 162 115 146 133 32 110 244 59
69 0 0 20 0 1 0 0 64 0 189 74 57 13 158 247 86 133 143 21
69 0 0 20 0 1 0 0 64 0 56 4 44 182 249 42 45 91 239 169
69 0 0 20 0 1 0 0 64 0 114 12 66 238 88 151 94 214 14 130
69 0 0 20 0 1 0 0 64 0 59 213 140 132 75 69 124 111 234 219
69 0 0 20 0 1 0 0 64 0 218 163 135 201 50 216 19 141 210 23
69 0 0 20 0 1 0 0 64 0 196 4 66 166 168 162 213 252 245 159
69 0 0 20 0 1 0 0 64 0 196 4 66 166 168 162 213 252 245 159
69 0 0 20 0 1 0 0 64 0 59 213 140 132 75 69 124 111 234 219
69 0 0 20 0 1 0 0 64 0 196 4 66 166 168 162 213 252 245 159
69 0 0 20 0 1 0 0 64 0 59 213 140 132 75 69 124 111 234 219
69 0 0 20 0 1 0 0 64 0 203 175 128 2 127 245 25 110 149 212
69 0 0 20 0 1 0 0 64 0 165 195 74 54 22 241 134 107 237 147
69 0 0 20 0 1 0 0 64 0 133 39 32 131 34 244 23 134 154 197
69 0 0 20 0 1 0 0 64 0 15 2 48 82 197 157 219 76 154 171
69 0 0 20 0 1 0 0 64 0 56 4 44 182 249 42 45 91 239 169
69 0 0 20 0 1 0 0 64 0 93 5 64 43 26 80 145 193 49 168
69 0 0 20 0 1 0 0 64 0 56 4 44 182 249 42 45 91 239 169
69 0 0 20 0 1 0 0 64 0 253 69 62 146 63 48 128 105 127 120
69 0 0 20 0 1 0 0 64 0 62 191 39 82 23 228 77 142 175 102
69 0 0 20 0 1 0 0 64 0 93 5 64 43 26 80 145 193 49 168
69 0 0 20 0 1 0 0 64 0 192 25 130 131 249 255 51 128 10 205
69 0 0 20 0 1 0 0 64 0 58 147 113 68 12 235 29 218 164 77
69 0 0 20 0 1 0 0 64 0 244 144 164 220 11 84 90 161 123 135
69 0 0 20 0 1 0 0 64 0 93 5 64 43 26 80 145 193 49 168
69 0 0 20 0 1 0 0 64 0 165 195 74 54 22 241 134 107 237 147
69 0 0 20 0 1 0 0 64 0 15 2 48 82 197 157 219 76 154 171
69 0 0 20 0 1 0 0 64 0 99 230 148 221 23 252 213 21 149 20
69 0 0 20 0 1 0 0 64 0 123 69 188 97 32 163 217 153 73 6
69 0 0 20 0 1 0 0 64 0 196 4 66 166 168 162 213 252 245 159
69 0 0 20 0 1 0 0 64 0 117 48 37 73 129 124 16 203 78 41
69 0 0 20 0 1 0 0 64 0 46 67 170 91 166 80 129 158 122 92
69 0 0 20 0 1 0 0 64 0 59 213 140 132 75 69 124 111 234 219
69 0 0 20 0 1 0 0 64 0 69 164 53 164 170 101 11 42 74 18
69 0 0 20 0 1 0 0 64 0 59 213 140 132 75 69 124 111 234 219
69 0 0 20 0 1 0 0 64 0 15 2 48 82 197 157 219 76 154 171
69 0 0 20 0 1 0 0 64 0 109 223 213 246 51 173 107 52 152 50
69 0 0 20 0 1 0 0 64 0 147 133 152 160 176 210 136 122 21 119
69 0 0 20 0 1 0 0 64 0 223 171 22 204 166 221 202 103 19 45
69 0 0 20 0 1 0 0 64 0 196 4 66 166 168 162 213 252 245 159
69 0 0 20 0 1 0 0 64 0 62 61 182 176 126 17 83 190 180 44
69 0 0 20 0 1 0 0 64 0 181 93 3 40 247 223 28 79 174 53
69 0 0 20 0 1 0 0 64 0 45 36 143 249 79 159 191 248 174 52
69 0 0 20 0 1 0 0 64 0 96 255 39 143 98 120 132 13 11 214
69 0 0 20 0 1 0 0 64 0 244 144 164 220 11 84 90 161 123 135
69 0 0 20 0 1 0 0 64 0 93 5 64 43 26 80 145 193 49 168
69 0 0 20 0 1 0 0 64 0 197 56 36 178 220 111 61 57 119 86
69 0 0 20 0 1 0 0 64 0 173 134 24 89 62 8 164 85 210 172
69 0 0 20 0 1 0 0 64 0 180 251 162 71 186 146 63 34 41 242
69 0 0 20 0 1 0 0 64 0 93 5 64 43 26 80 145 193 49 168
69 0 0 20 0 1 0 0 64 0 225 176 35 5 208 57 219 117 202 132
69 0 0 20 0 1 0 0 64 0 116 254 21 61 65 92 202 101 228 236
69 0 0 20 0 1 0 0 64 0 165 195 74 54 22 241 134 107 237 147
69 0 0 20 0 1 0 0 64 0 146 97 144 26 226 252 220 116 152 252
69 0 0 20 0 1 0 0 64 0 196 4 66 166 168 162 213 252 245 159
69 0 0 20 0 1 0 0 64 0 244 144 164 220 11 84 90 161 123 135
69 0 0 20 0 1 0 0 64 0 65 138 209 176 171 42 132 114 56 18
69 0 0 20 0 1 0 0 64 0 163 66 131 89 25 160 105 230 208 199
69 0 0 20 0 1 0 0 64 0 146 224 149 98 248 122 157 136 188 163
69 0 0 20 0 1 0 0 64 0 165 195 74 54 22 241 134 107 237 147
69 0 0 20 0 1 0 0 64 0 165 195 74 54 22 241 134 107 237 147
69 0 0 20 0 1 0 0 64 0 165 195 74 54 22 241 134 107 237 147
69 0 0 20 0 1 0 0 64 0 165 195 74 54 22 241 134 107 237 147
69 0 0 20 0 1 0 0 64 0 56 4 44 182 249 42 45 91 239 169
69 0 0 20 0 1 0 0 64 0 4 125 177 209 162 167 83 109 206 134
69 0 0 20 0 1 0 0 64 0 85 90 81 255 233 22 48 251 185 126
69 0 0 20 0 1 0 0 64 0 235 184 216 170 66 123 145 225 226 41
69 0 0 20 0 1 0 0 64 0 20 29 60 74 62 37 46 206 189 143
69 0 0 20 0 1 0 0 64 0 82 165 39 26 227 169 24 241 4 144
69 0 0 20 0 1 0 0 64 0 93 5 64 43 26 80 145 193 49 168
69 0 0 20 0 1 0 0 64 0 223 55 215 205 163 143 67 116 220 224
69 0 0 20 0 1 0 0 64 0 196 4 66 166 168 162 213 252 245 159
69 0 0 20 0 1 0 0 64 0 59 213 140 132 75 69 124 111 234 219
69 0 0 20 0 1 0 0 64 0 171 167 175 29 165 125 12 159 110 8
69 0 0 20 0 1 0 0 64 0 20 29 60 74 62 37 46 206 189 143
69 0 0 20 0 1 0 0 64 0 175 248 159 120 203 153 196 9 155 213
69 0 0 20 0 1 0 0 64 0 155 103 104 61 105 233 155 134 113 213
69 0 0 20 0 1 0 0 64 0 165 195 74 54 22 241 134 107 237 147
69 0 0 20 0 1 0 0 64 0 59 213 140 132 75 69 124 111 234 219
69 0 0 20 0 1 0 0 64 0 93 5 64 43 26 80 145 193 49 168
69 0 0 20 0 1 0 0 64 0 196 4 66 166 168 162 213 252 245 159
69 0 0 20 0 1 0 0 64 0 165 195 74 54 22 241 134 107 237 147
69 0 0 20 0 1 0 0 64 0 251 94 200 36 25 138 75 22 82 198
69 0 0 20 0 1 0 0 64 0 6 234 196 62 65 170 218 13 148 9
69 0 0 20 0 1 0 0 64 0 244 144 164 220 11 84 90 161 123 135
69 0 0 20 0 1 0 0 64 0 64 12 75 13 251 65 89 164 154 234
69 0 0 20 0 1 0 0 64 0 15 2 48 82 197 157 219 76 154 171
69 0 0 20 0 1 0 0 64 0 196 4 66 166 168 162 213 252 245 159
69 0 0 20 0 1 0 0 64 0 244 144 164 220 11 84 90 161 123 135
69 0 0 20 0 1 0 0 64 0 54 157 109 29 97 249 183 94 189 215
69 0 0 20 0 1 0 0 64 0 158 231 99 86 118 89 76 249 181 89
69 0 0 20 0 1 0 0 64 0 69 35 207 36 230 137 213 19 171 4
69 0 0 20 0 1 0 0 64 0 93 5 64 43 26 80 145 193 49 168
69 0 0 20 0 1 0 0 64 0 93 5 64 43 26 80 145 193 49 168
69 0 0 20 0 1 0 0 64 0 59 213 140 132 75 69 124 111 234 219
69 0 0 20 0 1 0 0 64 0 114 54 190 3 84 201 16 112 229 118
69 0 0 20 0 1 0 0 64 0 40 138 40 163 1 114 73 7 223 67
69 0 0 20 0 1 0 0 64 0 15 2 48 82 197 157 219 76 154 171
69 0 0 20 0 1 0 0 64 0 181 27 187 48 60 223 173 113 32 77
69 0 0 20 0 1 0 0 64 0 20 29 60 74 62 37 46 206 189 143
69 0 0 20 0 1 0 0 64 0 196 4 66 166 168 162 213 252 245 159
69 0 0 20 0 1 0 0 64 0 244 144 164 220 11 84 90 161 123 135
69 0 0 20 0 1 0 0 64 0 94 193 183 226 126 180 182 202 46 199
69 0 0 20 0 1 0 0 64 0 142 231 181 141 204 241 11 66 94 65
69 0 0 20 0 1 0 0 64 0 108 105 123 37 149 155 50 82 203 109
69 0 0 20 0 1 0 0 64 0 165 195 74 54 22 241 134 107 237 147
69 0 0 20 0 1 0 0 64 0 77 114 53 199 254 148 198 228 50 55
69 0 0 20 0 1 0 0 64 0 244 144 164 220 11 84 90 161 123 135
69 0 0 20 0 1 0 0 64 0 20 29 60 74 62 37 46 206 189 143
69 0 0 20 0 1 0 0 64 0 244 144 164 220 11 84 90 161 123 135
69 0 0 20 0 1 0 0 64 0 19 4 11 164 66 11 19 86 6 225
69 0 0 20 0 1 0 0 64 0 165 195 74 54 22 241 134 107 237 147
69 0 0 20 0 1 0 0 64 0 230 134 60 1 76 47 85 15 183 35
69 0 0 20 0 1 0 0 64 0 15 2 48 82 197 157 219 76 154 171
69 0 0 20 0 1 0 0 64 0 59 213 140 132 75 69 124 111 234 219
69 0 0 20 0 1 0 0 64 0 59 213 140 132 75 69 124 111 234 219
69 0 0 20 0 1 0 0 64 0 130 103 121 134 164 196 187 171 30 140
69 0 0 20 0 1 0 0 64 0 93 117 9 122 108 29 5 105 162 116
69 0 0 20 0 1 0 0 64 0 244 144 164 220 11 84 90 161 123 135
69 0 0 20 0 1 0 0 64 0 59 213 140 132 75 69 124 111 234 219
69 0 0 20 0 1 0 0 64 0 96 240 130 104 20 228 105 252 24 177
69 0 0 20 0 1 0 0 64 0 224 194 81 37 102 48 115 159 111 50
69 0 0 20 0 1 0 0 64 0 106 95 110 74 92 26 51 248 18 46
69 0 0 20 0 1 0 0 64 0 93 5 64 43 26 80 145 193 49 168
69 0 0 20 0 1 0 0 64 0 166 83 8 8 241 238 166 214 51 201
69 0 0 20 0 1 0 0 64 0 56 4 44 182 249 42 45 91 239 169
69 0 0 20 0 1 0 0 64 0 240 189 176 236 184 97 150 115 138 106
69 0 0 20 0 1 0 0 64 0 97 7 134 2 163 4 111 23 129 196
69 0 0 20 0 1 0 0 64 0 169 118 69 5 216 163 101 25 78 177
69 0 0 20 0 1 0 0 64 0 80 244 113 5 96 159 113 237 230 99
69 0 0 20 0 1 0 0 64 0 244 144 164 220 11 84 90 161 123 135
69 0 0 20 0 1 0 0 64 0 254 228 17 199 24 235 100 20 237 62
69 0 0 20 0 1 0 0 64 0 126 88 60 4 149 215 79 111 219 70
69 0 0 20 0 1 0 0 64 0 243 253 150 44 170 43 177 106 149 41
69 0 0 20 0 1 0 0 64 0 59 213 140 132 75 69 124 111 234 219
69 0 0 20 0 1 0 0 64 0 93 5 64 43 26 80 145 193 49 168
69 0 0 20 0 1 0 0 64 0 74 2 4 88 238 12 198 127 120 3
69 0 0 20 0 1 0 0 64 0 56 4 44 182 249 42 45 91 239 169
69 0 0 20 0 1 0 0 64 0 112 220 49 82 221 147 223 132 27 163
69 0 0 20 0 1 0 0 64 0 63 152 34 117 35 81 98 170 146 225
69 0 0 20 0 1 0 0 64 0 20 29 60 74 62 37 46 206 189 143
69 0 0 20 0 1 0 0 64 0 20 29 60 74 62 37 46 206 189 143
69 0 0 20 0 1 0 0 64 0 108 150 33 71 40 92 173 181 22 251
69 0 0 20 0 1 0 0 64 0 11 183 210 151 86 85 7 190 62 136
69 0 0 20 0 1 0 0 64 0 59 213 140 132 75 69 124 111 234 219
69 0 0 20 0 1 0 0 64 0 88 211 153 148 183 65 107 46 102 18
69 0 0 20 0 1 0 0 64 0 153 139 7 124 6 212 28 183 182 87
69 0 0 20 0 1 0 0 64 0 220 224 67 181 182 137 213 126 206 75
69 0 0 20 0 1 0 0 64 0 183 121 19 141 207 151 162 252 61 79
69 0 0 20 0 1 0 0 64 0 236 196 172 109 102 248 125 53 253 137
69 0 0 20 0 1 0 0 64 0 244 144 164 220 11 84 90 161 123 135
69 0 0 20 0 1 0 0 64 0 207 51 140 102 225 111 221 90 96 133
69 0 0 20 0 1 0 0 64 0 196 4 66 166 168 162 213 252 245 159
69 0 0 20 0 1 0 0 64 0 59 213 140 132 75 69 124 111 234 219
69 0 0 20 0 1 0 0 64 0 165 195 74 54 22 241 134 107 237 147
69 0 0 20 0 1 0 0 64 0 20 29 60 74 62 37 46 206 189 143
69 0 0 20 0 1 0 0 64 0 150 141 86 218 193 142 150 167 53 76
69 0 0 20 0 1 0 0 64 0 165 195 74 54 22 241 134 107 237 147
69 0 0 20 0 1 0 0 64 0 91 39 9 175 242 217 119 12 172 45
69 0 0 20 0 1 0 0 64 0 82 93 153 195 168 142 26 168 203 146
69 0 0 20 0 1 0 0 64 0 59 213 140 132 75 69 124 111 234 219
69 0 0 20 0 1 0 0 64 0 225 16 183 178 245 48 188 224 48 21
69 0 0 20 0 1 0 0 64 0 99 127 116 8 85 17 109 99 224 237
69 0 0 20 0 1 0 0 64 0 122 195 34 246 115 107 32 232 72 221
69 0 0 20 0 1 0 0 64 0 165 195 74 54 22 241 134 107 237 147
69 0 0 20 0 1 0 0 64 0 15 2 48 82 197 157 219 76 154 171
69 0 0 20 0 1 0 0 64 0 77 247 141 224 250 92 150 93 14 88
69 0 0 20 0 1 0 0 64 0 148 23 81 168 232 192 12 45 160 60
69 0 0 20 0 1 0 0 64 0 196 4 66 166 168 162 213 252 245 159
69 0 0 20 0 1 0 0 64 0 219 31 165 87 136 8 135 244 234 117
69 0 0 20 0 1 0 0 64 0 15 2 48 82 197 157 219 76 154 171
69 0 0 20 0 1 0 0 64 0 64 222 193 181 55 72 177 134 143 135
69 0 0 20 0 1 0 0 64 0 59 213 140 132 75 69 124 111 234 219
69 0 0 20 0 1 0 0 64 0 246 243 32 153 84 204 74 213 195 187
69 0 0 20 0 1 0 0 64 0 196 4 66 166 168 162 213 252 245 159
69 0 0 20 0 1 0 0 64 0 56 4 44 182 249 42 45 91 239 169
69 0 0 20 0 1 0 0 64 0 24 113 112 23 240 43 152 104 105 205
69 0 0 20 0 1 0 0 64 0 244 144 164 220 11 84 90 161 123 135
69 0 0 20 0 1 0 0 64 0 217 8 163 8 98 14 100 30 56 172
69 0 0 20 0 1 0 0 64 0 95 175 116 13 166 181 164 248 91 127
69 0 0 20 0 1 0 0 64 0 21 77 187 62 73 13 6 151 90 186
69 0 0 20 0 1 0 0 64 0 67 96 205 89 91 29 210 121 60 153
69 0 0 20 0 1 0 0 64 0 56 4 44 182 249 42 45 91 239 169
69 0 0 20 0 1 0 0 64 0 99 117 204 126 199 106 45 206 85 189
69 0 0 20 0 1 0 0 64 0 38 192 79 168 207 179 206 199 102 6
69 0 0 20 0 1 0 0 64 0 244 144 164 220 11 84 90 161 123 135
69 0 0 20 0 1 0 0 64 0 244 144 164 220 11 84 90 161 123 135
69 0 0 20 0 1 0 0 64 0 2 223 61 224 132 229 30 13 151 56
69 0 0 20 0 1 0 0 64 0 196 4 66 166 168 162 213 252 245 159
69 0 0 20 0 1 0 0 64 0 235 161 139 204 174 174 44 82 40 123
69 0 0 20 0 1 0 0 64 0 20 29 60 74 62 37 46 206 189 143
69 0 0 20 0 1 0 0 64 0 56 4 44 182 249 42 45 91 239 169
69 0 0 20 0 1 0 0 64 0 100 193 111 23 166 10 195 212 61 50
69 0 0 20 0 1 0 0 64 0 165 195 74 54 22 241 134 107 237 147
69 0 0 20 0 1 0 0 64 0 108 40 64 164 79 144 170 117 212 23
69 0 0 20 0 1 0 0 64 0 200 183 119 125 212 205 87 167 14 64
69 0 0 20 0 1 0 0 64 0 20 29 60 74 62 37 46 206 189 143
69 0 0 20 0 1 0 0 64 0 112 157 113 65 68 207 56 35 28 25
69 0 0 20 0 1 0 0 64 0 196 4 66 166 168 162 213 252 245 159
69 0 0 20 0 1 0 0 64 0 20 29 60 74 62 37 46 206 189 143
69 0 0 20 0 1 0 0 64 0 93 5 64 43 26 80 145 193 49 168
69 0 0 20 0 1 0 0 64 0 78 91 201 153 121 166 6 211 226 123
69 0 0 20 0 1 0 0 64 0 54 237 189 109 132 49 72 208 185 141
69 0 0 20 0 1 0 0 64 0 109 246 40 136 49 205 91 119 87 39
69 0 0 20 0 1 0 0 64 0 196 4 66 166 168 162 213 252 245 159
69 0 0 20 0 1 0 0 64 0 165 195 74 54 22 241 134 107 237 147
69 0 0 20 0 1 0 0 64 0 196 4 66 166 168 162 213 252 245 159
69 0 0 20 0 1 0 0 64 0 56 4 44 182 249 42 45 91 239 169
69 0 0 20 0 1 0 0 64 0 44 251 56 233 49 164 190 53 37 44
69 0 0 20 0 1 0 0 64 0 0 90 187 66 122 232 80 168 243 188
69 0 0 20 0 1 0 0 64 0 244 144 164 220 11 84 90 161 123 135
69 0 0 20 0 1 0 0 64 0 226 41 46 149 15 143 111 151 235 4
69 0 0 20 0 1 0 0 64 0 165 195 74 54 22 241 134 107 237 147
69 0 0 20 0 1 0 0 64 0 230 13 53 185 72 161 92 71 186 58
69 0 0 20 0 1 0 0 64 0 59 213 140 132 75 69 124 111 234 219
69 0 0 20 0 1 0 0 64 0 55 102 208 187 138 77 152 148 79 230
69 0 0 20 0 1 0 0 64 0 15 2 48 82 197 157 219 76 154 171
69 0 0 20 0 1 0 0 64 0 236 74 149 204 245 171 162 189 96 105
69 0 0 20 0 1 0 0 64 0 186 59 201 16 128 138 170 25 204 249
69 0 0 20 0 1 0 0 64 0 219 102 155 26 31 16 123 1 106 87
69 0 0 20 0 1 0 0 64 0 56 4 44 182 249 42 45 91 239 169
69 0 0 20 0 1 0 0 64 0 56 4 44 182 249 42 45 91 239 169
69 0 0 20 0 1 0 0 64 0 251 243 94 86 185 118 72 177 30 120
69 0 0 20 0 1 0 0 64 0 93 5 64 43 26 80 145 193 49 168
69 0 0 20 0 1 0 0 64 0 56 4 44 182 249 42 45 91 239 169
69 0 0 20 0 1 0 0 64 0 166 171 65 228 38 77 142 191 221 77
69 0 0 20 0 1 0 0 64 0 196 4 66 166 168 162 213 252 245 159
69 0 0 20 0 1 0 0 64 0 233 143 30 189 16 236 207 165 146 11
69 0 0 20 0 1 0 0 64 0 244 144 164 220 11 84 90 161 123 135
69 0 0 20 0 1 0 0 64 0 47 88 199 43 109 229 221 211 56 173
69 0 0 20 0 1 0 0 64 0 244 144 164 220 11 84 90 161 123 135
69 0 0 20 0 1 0 0 64 0 6 48 189 144 70 123 94 5 18 169
69 0 0 20 0 1 0 0 64 0 244 144 164 220 11 84 90 161 123 135
69 0 0 20 0 1 0 0 64 0 59 213 140 132 75 69 124 111 234 219
69 0 0 20 0 1 0 0 64 0 56 4 44 182 249 42 45 91 239 169
69 0 0 20 0 1 0 0 64 0 15 2 48 82 197 157 219 76 154 171
69 0 0 20 0 1 0 0 64 0 15 2 48 82 197 157 219 76 154 171
69 0 0 20 0 1 0 0 64 0 203 176 151 10 162 233 7 214 109 111
69 0 0 20 0 1 0 0 64 0 59 213 140 132 75 69 124 111 234 219
69 0 0 20 0 1 0 0 64 0 197 85 83 196 112 148 151 92 89 223
69 0 0 20 0 1 0 0 64 0 15 2 48 82 197 157 219 76 154 171
69 0 0 20 0 1 0 0 64 0 9 35 117 199 61 11 31 133 159 111
69 0 0 20 0 1 0 0 64 0 15 2 48 82 197 157 219 76 154 171
69 0 0 20 0 1 0 0 64 0 15 2 48 82 197 157 219 76 154 171
69 0 0 20 0 1 0 0 64 0 93 5 64 43 26 80 145 193 49 168
69 0 0 20 0 1 0 0 64 0 245 86 77 182 58 76 216 83 37 61
69 0 0 20 0 1 0 0 64 0 53 34 165 124 54 123 218 35 143 172
69 0 0 20 0 1 0 0 64 0 15 136 46 15 129 37 205 63 238 237
69 0 0 20 0 1 0 0 64 0 221 140 204 189 108 90 194 121 161 203
69 0 0 20 0 1 0 0 64 0 221 238 138 68 169 49 22 133 83 0
69 0 0 20 0 1 0 0 64 0 244 144 164 220 11 84 90 161 123 135
69 0 0 20 0 1 0 0 64 0 12 161 177 40 71 179 204 124 168 240
69 0 0 20 0 1 0 0 64 0 165 195 74 54 22 241 134 107 237 147
69 0 0 20 0 1 0 0 64 0 188 145 110 191 221 77 68 32 46 43
69 0 0 20 0 1 0 0 64 0 196 4 66 166 168 162 213 252 245 159
69 0 0 20 0 1 0 0 64 0 196 4 66 166 168 162 213 252 245 159
69 0 0 20 0 1 0 0 64 0 91 163 187 81 43 2 117 24 195 218
69 0 0 20 0 1 0 0 64 0 236 101 134 62 193 199 25 117 45 9
69 0 0 20 0 1 0 0 64 0 253 157 92 110 52 90 21 192 214 195
69 0 0 20 0 1 0 0 64 0 165 195 74 54 22 241 134 107 237 147
69 0 0 20 0 1 0 0 64 0 165 195 74 54 22 241 134 107 237 147
69 0 0 20 0 1 0 0 64 0 165 195 74 54 22 241 134 107 237 147
69 0 0 20 0 1 0 0 64 0 232 105 108 187 37 116 73 93 182 243
69 0 0 20 0 1 0 0 64 0 237 217 69 106 245 15 8 178 73 228
69 0 0 20 0 1 0 0 64 0 148 105 18 135 119 35 26 62 66 152
69 0 0 20 0 1 0 0 64 0 15 2 48 82 197 157 219 76 154 171
69 0 0 20 0 1 0 0 64 0 70 198 57 4 155 38 161 71 190 177
69 0 0 20 0 1 0 0 64 0 56 4 44 182 249 42 45 91 239 169
69 0 0 20 0 1 0 0 64 0 48 235 61 184 15 26 57 152 195 148
69 0 0 20 0 1 0 0 64 0 56 4 44 182 249 42 45 91 239 169
69 0 0 20 0 1 0 0 64 0 59 213 140 132 75 69 124 111 234 219
69 0 0 20 0 1 0 0 64 0 249 164 20 211 43 234 205 45 115 90
69 0 0 20 0 1 0 0 64 0 185 184 129 127 125 181 50 107 143 145
69 0 0 20 0 1 0 0 64 0 196 4 66 166 168 162 213 252 245 159
69 0 0 20 0 1 0 0 64 0 169 141 84 104 74 222 196 60 109 217
69 0 0 20 0 1 0 0 64 0 237 95 28 141 98 7 101 77 169 168
69 0 0 20 0 1 0 0 64 0 93 5 64 43 26 80 145 193 49 168
69 0 0 20 0 1 0 0 64 0 196 4 66 166 168 162 213 252 245 159
69 0 0 20 0 1 0 0 64 0 244 144 164 220 11 84 90 161 123 135
69 0 0 20 0 1 0 0 64 0 133 30 190 205 227 22 93 57 246 173
69 0 0 20 0 1 0 0 64 0 244 144 164 220 11 84 90 161 123 135
69 0 0 20 0 1 0 0 64 0 91 234 193 115 243 202 110 86 251 106
69 0 0 20 0 1 0 0 64 0 25 247 110 127 232 46 197 85 68 239
69 0 0 20 0 1 0 0 64 0 165 195 74 54 22 241 134 107 237 147
69 0 0 20 0 1 0 0 64 0 93 5 64 43 26 80 145 193 49 168
69 0 0 20 0 1 0 0 64 0 59 213 140 132 75 69 124 111 234 219
69 0 0 20 0 1 0 0 64 0 20 29 60 74 62 37 46 206 189 143
69 0 0 20 0 1 0 0 64 0 8 214 221 63 153 121 90 25 161 65
69 0 0 20 0 1 0 0 64 0 74 151 212 244 243 24 195 53 165 15
69 0 0 20 0 1 0 0 64 0 149 199 99 81 138 227 198 23 48 214
69 0 0 20 0 1 0 0 64 0 93 5 64 43 26 80 145 193 49 168
69 0 0 20 0 1 0 0 64 0 196 4 66 166 168 162 213 252 245 159
69 0 0 20 0 1 0 0 64 0 244 144 164 220 11 84 90 161 123 135
69 0 0 20 0 1 0 0 64 0 196 4 66 166 168 162 213 252 245 159
69 0 0 20 0 1 0 0 64 0 82 148 34 106 106 131 197 197 213 162
69 0 0 20 0 1 0 0 64 0 196 4 66 166 168 162 213 252 245 159
69 0 0 20 0 1 0 0 64 0 246 67 215 144 30 217 147 132 250 183
69 0 0 20 0 1 0 0 64 0 15 2 48 82 197 157 219 76 154 171
69 0 0 20 0 1 0 0 64 0 56 4 44 182 249 42 45 91 239 169
69 0 0 20 0 1 0 0 64 0 59 213 140 132 75 69 124 111 234 219
69 0 0 20 0 1 0 0 64 0 93 17 97 104 126 186 70 225 246 212
69 0 0 20 0 1 0 0 64 0 93 5 64 43 26 80 145 193 49 168
69 0 0 20 0 1 0 0 64 0 39 47 63 204 184 109 109 137 237 247
69 0 0 20 0 1 0 0 64 0 118 115 108 135 250 43 75 232 81 219
69 0 0 20 0 1 0 0 64 0 221 250 37 246 219 123 108 152 46 229
69 0 0 20 0 1 0 0 64 0 196 4 66 166 168 162 213 252 245 159
69 0 0 20 0 1 0 0 64 0 156 51 32 175 220 196 174 8 51 58
69 0 0 20 0 1 0 0 64 0 20 29 60 74 62 37 46 206 189 143
69 0 0 20 0 1 0 0 64 0 59 213 140 132 75 69 124 111 234 219
69 0 0 20 0 1 0 0 64 0 167 20 212 81 156 186 96 107 2 94
69 0 0 20 0 1 0 0 64 0 56 4 44 182 249 42 45 91 239 169
69 0 0 20 0 1 0 0 64 0 15 2 48 82 197 157 219 76 154 171
69 0 0 20 0 1 0 0 64 0 244 144 164 220 11 84 90 161 123 135
69 0 0 20 0 1 0 0 64 0 165 195 74 54 22 241 134 107 237 147
69 0 0 20 0 1 0 0 64 0 225 60 131 232 139 10 37 15 101 171
69 0 0 20 0 1 0 0 64 0 20 29 60 74 62 37 46 206 189 143
69 0 0 20 0 1 0 0 64 0 93 5 64 43 26 80 145 193 49 168
69 0 0 20 0 1 0 0 64 0 244 144 164 220 11 84 90 161 123 135
69 0 0 20 0 1 0 0 64 0 242 128 102 223 79 196 10 150 199 47
69 0 0 20 0 1 0 0 64 0 131 204 208 113 26 71 135 13 133 87
69 0 0 20 0 1 0 0 64 0 93 5 64 43 26 80 145 193 49 168
69 0 0 20 0 1 0 0 64 0 20 29 60 74 62 37 46 206 189 143
69 0 0 20 0 1 0 0 64 0 220 190 165 9 108 145 160 205 235 194
69 0 0 20 0 1 0 0 64 0 20 29 60 74 62 37 46 206 189 143
69 0 0 20 0 1 0 0 64 0 34 238 160 148 59 49 156 160 223 149
69 0 0 20 0 1 0 0 64 0 87 75 201 1 88 94 160 209 97 109
69 0 0 20 0 1 0 0 64 0 186 237 11 179 101 111 90 145 244 72
69 0 0 20 0 1 0 0 64 0 99 218 94 31 1 119 141 11 42 110
69 0 0 20 0 1 0 0 64 0 29 136 89 248 220 105 128 169 166 86
69 0 0 20 0 1 0 0 64 0 246 218 206 234 166 111 94 92 176 88
69 0 0 20 0 1 0 0 64 0 244 144 164 220 11 84 90 161 123 135
69 0 0 20 0 1 0 0 64 0 227 86 37 61 207 89 35 220 127 32
69 0 0 20 0 1 0 0 64 0 93 5 64 43 26 80 145 193 49 168
69 0 0 20 0 1 0 0 64 0 223 45 153 30 62 21 187 24 9 112
69 0 0 20 0 1 0 0 64 0 42 31 92 183 113 247 188 158 197 125
69 0 0 20 0 1 0 0 64 0 165 195 74 54 22 241 134 107 237 147
69 0 0 20 0 1 0 0 64 0 240 40 111 89 223 210 67 252 247 152
69 0 0 20 0 1 0 0 64 0 196 4 66 166 168 162 213 252 245 159
69 0 0 20 0 1 0 0 64 0 74 205 129 151 166 74 206 235 57 79
69 0 0 20 0 1 0 0 64 0 244 144 164 220 11 84 90 161 123 135
69 0 0 20 0 1 0 0 64 0 15 2 48 82 197 157 219 76 154 171
69 0 0 20 0 1 0 0 64 0 21 64 46 59 48 255 185 26 77 85
69 0 0 20 0 1 0 0 64 0 20 29 60 74 62 37 46 206 189 143
69 0 0 20 0 1 0 0 64 0 108 99 110 70 106 128 163 232 145 215
69 0 0 20 0 1 0 0 64 0 82 53 38 196 101 43 74 1 82 196
69 0 0 20 0 1 0 0 64 0 196 4 66 166 168 162 213 252 245 159
69 0 0 20 0 1 0 0 64 0 196 4 66 166 168 162 213 252 245 159
69 0 0 20 0 1 0 0 64 0 164 185 86 102 124 160 118 12 141 29
69 0 0 20 0 1 0 0 64 0 161 234 15 47 60 244 102 0 38 220
69 0 0 20 0 1 0 0 64 0 59 128 9 186 28 161 29 109 251 161
69 0 0 20 0 1 0 0 64 0 14 170 133 89 248 219 7 95 230 171
69 0 0 20 0 1 0 0 64 0 20 29 60 74 62 37 46 206 189 143
69 0 0 20 0 1 0 0 64 0 126 56 117 187 4 24 125 53 5 169
69 0 0 20 0 1 0 0 64 0 158 47 167 151 59 205 149 150 99 191
69 0 0 20 0 1 0 0 64 0 56 4 44 182 249 42 45 91 239 169
69 0 0 20 0 1 0 0 64 0 44 233 126 92 237 86 134 155 91 178
69 0 0 20 0 1 0 0 64 0 56 4 44 182 249 42 45 91 239 169
69 0 0 20 0 1 0 0 64 0 20 29 60 74 62 37 46 206 189 143
69 0 0 20 0 1 0 0 64 0 20 29 60 74 62 37 46 206 189 143
69 0 0 20 0 1 0 0 64 0 56 4 44 182 249 42 45 91 239 169
69 0 0 20 0 1 0 0 64 0 196 4 66 166 168 162 213 252 245 159
69 0 0 20 0 1 0 0 64 0 29 125 141 223 203 49 156 159 103 188
69 0 0 20 0 1 0 0 64 0 15 2 48 82 197 157 219 76 154 171
69 0 0 20 0 1 0 0 64 0 165 195 74 54 22 241 134 107 237 147
69 0 0 20 0 1 0 0 64 0 137 8 21 241 232 112 149 43 94 84
69 0 0 20 0 1 0 0 64 0 196 4 66 166 168 162 213 252 245 159
69 0 0 20 0 1 0 0 64 0 20 29 60 74 62 37 46 206 189 143
69 0 0 20 0 1 0 0 64 0 52 9 186 81 179 200 112 150 104 48
69 0 0 20 0 1 0 0 64 0 243 131 200 173 149 59 100 190 196 190
69 0 0 20 0 1 0 0 64 0 15 2 48 82 197 157 219 76 154 171
69 0 0 20 0 1 0 0 64 0 15 2 48 82 197 157 219 76 154 171
69 0 0 20 0 1 0 0 64 0 9 40 46 45 137 190 131 93 54 121
69 0 0 20 0 1 0 0 64 0 165 195 74 54 22 241 134 107 237 147
69 0 0 20 0 1 0 0 64 0 93 5 64 43 26 80 145 193 49 168
69 0 0 20 0 1 0 0 64 0 72 16 100 145 183 108 187 38 91 181
69 0 0 20 0 1 0 0 64 0 213 224 72 214 114 122 79 129 154 55
69 0 0 20 0 1 0 0 64 0 196 4 66 166 168 162 213 252 245 159
69 0 0 20 0 1 0 0 64 0 92 205 140 39 191 228 223 69 242 202
69 0 0 20 0 1 0 0 64 0 160 225 68 223 253 120 98 212 52 220
69 0 0 20 0 1 0 0 64 0 208 240 1 44 17 29 52 115 99 61
69 0 0 20 0 1 0 0 64 0 20 29 60 74 62 37 46 206 189 143
69 0 0 20 0 1 0 0 64 0 244 144 164 220 11 84 90 161 123 135
69 0 0 20 0 1 0 0 64 0 218 232 92 20 23 60 108 71 192 105
69 0 0 20 0 1 0 0 64 0 165 195 74 54 22 241 134 107 237 147
69 0 0 20 0 1 0 0 64 0 109 24 93 117 226 38 165 142 40 167
69 0 0 20 0 1 0 0 64 0 70 205 3 157 172 221 27 186 103 232
69 0 0 20 0 1 0 0 64 0 209 216 84 214 190 33 209 99 196 181
69 0 0 20 0 1 0 0 64 0 136 233 141 149 251 213 186 84 174 64
69 0 0 20 0 1 0 0 64 0 18 217 105 79 46 89 79 39 129 65
69 0 0 20 0 1 0 0 64 0 93 5 64 43 26 80 145 193 49 168
69 0 0 20 0 1 0 0 64 0 165 195 74 54 22 241 134 107 237 147
69 0 0 20 0 1 0 0 64 0 196 4 66 166 168 162 213 252 245 159
69 0 0 20 0 1 0 0 64 0 83 139 66 248 79 39 85 154 63 165
69 0 0 20 0 1 0 0 64 0 244 144 164 220 11 84 90 161 123 135
69 0 0 20 0 1 0 0 64 0 227 184 35 79 208 147 37 157 125 177
69 0 0 20 0 1 0 0 64 0 126 73 169 228 13 105 7 76 62 7
69 0 0 20 0 1 0 0 64 0 167 3 178 96 134 135 19 128 135 126
69 0 0 20 0 1 0 0 64 0 244 144 164 220 11 84 90 161 123 135
69 0 0 20 0 1 0 0 64 0 244 144 164 220 11 84 90 161 123 135
69 0 0 20 0 1 0 0 64 0 196 4 66 166 168 162 213 252 245 159
69 0 0 20 0 1 0 0 64 0 70 159 4 222 166 206 147 249 244 164
69 0 0 20 0 1 0 0 64 0 194 16 201 187 240 37 123 232 131 15
69 0 0 20 0 1 0 0 64 0 56 4 44 182 249 42 45 91 239 169
69 0 0 20 0 1 0 0 64 0 9 231 180 33 100 124 220 126 123 230
69 0 0 20 0 1 0 0 64 0 93 5 64 43 26 80 145 193 49 168
69 0 0 20 0 1 0 0 64 0 15 2 48 82 197 157 219 76 154 171
69 0 0 20 0 1 0 0 64 0 158 38 25 102 209 200 168 216 72 188
69 0 0 20 0 1 0 0 64 0 165 195 74 54 22 241 134 107 237 147
69 0 0 20 0 1 0 0 64 0 36 39 114 92 28 71 84 228 115 59
69 0 0 20 0 1 0 0 64 0 89 26 45 206 117 83 207 226 174 203
69 0 0 20 0 1 0 0 64 0 93 5 64 43 26 80 145 193 49 168
69 0 0 20 0 1 0 0 64 0 80 190 34 93 244 224 142 52 132 185
69 0 0 20 0 1 0 0 64 0 56 4 44 182 249 42 45 91 239 169
69 0 0 20 0 1 0 0 64 0 203 227 155 135 6 252 87 203 180 183
69 0 0 20 0 1 0 0 64 0 218 246 162 49 139 7 100 242 13 200
69 0 0 20 0 1 0 0 64 0 96 230 115 77 249 27 43 4 130 150
69 0 0 20 0 1 0 0 64 0 244 144 164 220 11 84 90 161 123 135
69 0 0 20 0 1 0 0 64 0 20 29 60 74 62 37 46 206 189 143
69 0 0 20 0 1 0 0 64 0 246 72 16 8 50 180 34 180 31 49
69 0 0 20 0 1 0 0 64 0 93 5 64 43 26 80 145 193 49 168
69 0 0 20 0 1 0 0 64 0 75 175 99 250 45 196 48 233 108 147
69 0 0 20 0 1 0 0 64 0 165 195 74 54 22 241 134 107 237 147
69 0 0 20 0 1 0 0 64 0 149 199 151 11 67 5 165 94 101 179
69 0 0 20 0 1 0 0 64 0 20 29 60 74 62 37 46 206 189 143
69 0 0 20 0 1 0 0 64 0 165 195 74 54 22 241 134 107 237 147
69 0 0 20 0 1 0 0 64 0 0 55 118 189 246 157 153 133 115 210
69 0 0 20 0 1 0 0 64 0 159 209 163 209 228 212 211 23 127 90
69 0 0 20 0 1 0 0 64 0 15 2 48 82 197 157 219 76 154 171
69 0 0 20 0 1 0 0 64 0 33 10 44 194 244 155 214 135 97 250
69 0 0 20 0 1 0 0 64 0 20 29 60 74 62 37 46 206 189 143
69 0 0 20 0 1 0 0 64 0 15 2 48 82 197 157 219 76 154 171
69 0 0 20 0 1 0 0 64 0 240 19 194 86 197 52 27 176 231 154
69 0 0 20 0 1 0 0 64 0 7 104 206 119 48 227 57 87 58 208
69 0 0 20 0 1 0 0 64 0 56 4 44 182 249 42 45 91 239 169
69 0 0 20 0 1 0 0 64 0 244 219 171 4 192 197 111 121 170 202
69 0 0 20 0 1 0 0 64 0 93 5 64 43 26 80 145 193 49 168
69 0 0 20 0 1 0 0 64 0 118 249 29 42 2 247 148 120 79 87
69 0 0 20 0 1 0 0 64 0 51 108 194 173 35 123 58 249 38 92
69 0 0 20 0 1 0 0 64 0 244 144 164 220 11 84 90 161 123 135
69 0 0 20 0 1 0 0 64 0 34 76 172 159 57 25 45 153 69 76
69 0 0 20 0 1 0 0 64 0 160 93 138 18 26 238 67 95 242 44
69 0 0 20 0 1 0 0 64 0 165 195 74 54 22 241 134 107 237 147
69 0 0 20 0 1 0 0 64 0 165 195 74 54 22 241 134 107 237 147
69 0 0 20 0 1 0 0 64 0 212 193 202 230 34 102 216 34 224 184
69 0 0 20 0 1 0 0 64 0 196 4 66 166 168 162 213 252 245 159
69 0 0 20 0 1 0 0 64 0 3 199 199 165 35 113 174 94 221 173
69 0 0 20 0 1 0 0 64 0 20 29 60 74 62 37 46 206 189 143
69 0 0 20 0 1 0 0 64 0 113 130 159 144 128 226 68 238 164 6
69 0 0 20 0 1 0 0 64 0 56 4 44 182 249 42 45 91 239 169
69 0 0 20 0 1 0 0 64 0 20 29 60 74 62 37 46 206 189 143
69 0 0 20 0 1 0 0 64 0 59 213 140 132 75 69 124 111 234 219
69 0 0 20 0 1 0 0 64 0 20 29 60 74 62 37 46 206 189 143
69 0 0 20 0 1 0 0 64 0 59 213 140 132 75 69 124 111 234 219
69 0 0 20 0 1 0 0 64 0 20 29 60 74 62 37 46 206 189 143
69 0 0 20 0 1 0 0 64 0 93 5 64 43 26 80 145 193 49 168
69 0 0 20 0 1 0 0 64 0 15 2 48 82 197 157 219 76 154 171
69 0 0 20 0 1 0 0 64 0 253 70 132 55 230 202 94 63 180 97
69 0 0 20 0 1 0 0 64 0 244 144 164 220 11 84 90 161 123 135
69 0 0 20 0 1 0 0 64 0 93 5 64 43 26 80 145 193 49 168
69 0 0 20 0 1 0 0 64 0 20 29 60 74 62 37 46 206 189 143
69 0 0 20 0 1 0 0 64 0 141 196 215 137 9 167 31 46 236 198
69 0 0 20 0 1 0 0 64 0 31 0 12 59 125 109 63 109 146 212
69 0 0 20 0 1 0 0 64 0 241 223 180 202 227 199 166 180 73 195
69 0 0 20 0 1 0 0 64 0 165 195 74 54 22 241 134 107 237 147
69 0 0 20 0 1 0 0 64 0 144 61 113 114 42 130 86 132 248 51
69 0 0 20 0 1 0 0 64 0 15 2 48 82 197 157 219 76 154 171
69 0 0 20 0 1 0 0 64 0 108 10 48 87 162 230 35 190 23 228
69 0 0 20 0 1 0 0 64 0 184 60 61 170 22 7 140 38 226 213
69 0 0 20 0 1 0 0 64 0 56 4 44 182 249 42 45 91 239 169
69 0 0 20 0 1 0 0 64 0 109 202 131 51 37 130 140 134 215 227
69 0 0 20 0 1 0 0 64 0 20 29 60 74 62 37 46 206 189 143
69 0 0 20 0 1 0 0 64 0 196 4 66 166 168 162 213 252 245 159
69 0 0 20 0 1 0 0 64 0 15 2 48 82 197 157 219 76 154 171
69 0 0 20 0 1 0 0 64 0 244 144 164 220 11 84 90 161 123 135
69 0 0 20 0 1 0 0 64 0 56 4 44 182 249 42 45 91 239 169
69 0 0 20 0 1 0 0 64 0 196 4 66 166 168 162 213 252 245 159
69 0 0 20 0 1 0 0 64 0 165 195 74 54 22 241 134 107 237 147
69 0 0 20 0 1 0 0 64 0 29 80 83 214 215 32 124 79 182 83
69 0 0 20 0 1 0 0 64 0 93 5 64 43 26 80 145 193 49 168
69 0 0 20 0 1 0 0 64 0 91 116 85 242 162 231 39 241 254 170
69 0 0 20 0 1 0 0 64 0 89 145 155 92 20 163 165 43 204 45
69 0 0 20 0 1 0 0 64 0 116 63 193 39 85 86 157 29 83 15
69 0 0 20 0 1 0 0 64 0 121 168 130 68 14 6 185 3 183 243
69 0 0 20 0 1 0 0 64 0 59 213 140 132 75 69 124 111 234 219
69 0 0 20 0 1 0 0 64 0 15 2 48 82 197 157 219 76 154 171
69 0 0 20 0 1 0 0 64 0 56 4 44 182 249 42 45 91 239 169
69 0 0 20 0 1 0 0 64 0 196 4 66 166 168 162 213 252 245 159
69 0 0 20 0 1 0 0 64 0 50 60 143 81 251 91 70 240 119 16
69 0 0 20 0 1 0 0 64 0 41 29 35 38 255 88 41 61 6 17
69 0 0 20 0 1 0 0 64 0 220 238 110 8 246 18 221 54 92 169
69 0 0 20 0 1 0 0 64 0 3 89 113 173 200 16 95 231 221 235
69 0 0 20 0 1 0 0 64 0 50 69 60 127 116 178 21 175 129 196
69 0 0 20 0 1 0 0 64 0 35 216 214 94 33 125 157 184 193 125
69 0 0 20 0 1 0 0 64 0 89 233 48 108 251 236 114 41 130 126
69 0 0 20 0 1 0 0 64 0 165 195 74 54 22 241 134 107 237 147
69 0 0 20 0 1 0 0 64 0 56 4 44 182 249 42 45 91 239 169
69 0 0 20 0 1 0 0 64 0 53 66 196 113 190 163 112 3 82 143
69 0 0 20 0 1 0 0 64 0 214 18 56 3 123 208 37 175 203 84
69 0 0 20 0 1 0 0 64 0 56 4 44 182 249 42 45 91 239 169
69 0 0 20 0 1 0 0 64 0 219 46 108 254 41 37 165 230 99 177
69 0 0 20 0 1 0 0 64 0 56 4 44 182 249 42 45 91 239 169
69 0 0 20 0 1 0 0 64 0 14 10 2 249 236 42 172 65 209 122
69 0 0 20 0 1 0 0 64 0 103 88 52 186 234 37 142 242 101 191
69 0 0 20 0 1 0 0 64 0 172 219 92 45 185 62 44 176 139 242
69 0 0 20 0 1 0 0 64 0 25 198 51 118 219 177 65 116 16 136
69 0 0 20 0 1 0 0 64 0 56 4 44 182 249 42 45 91 239 169
69 0 0 20 0 1 0 0 64 0 244 144 164 220 11 84 90 161 123 135
69 0 0 20 0 1 0 0 64 0 228 39 105 245 109 109 46 155 144 196
69 0 0 20 0 1 0 0 64 0 196 4 66 166 168 162 213 252 245 159
69 0 0 20 0 1 0 0 64 0 206 44 215 98 64 210 142 64 6 72
69 0 0 20 0 1 0 0 64 0 196 4 66 166 168 162 213 252 245 159
69 0 0 20 0 1 0 0 64 0 15 2 48 82 197 157 219 76 154 171
69 0 0 20 0 1 0 0 64 0 56 4 44 182 249 42 45 91 239 169
69 0 0 20 0 1 0 0 64 0 244 144 164 220 11 84 90 161 123 135
69 0 0 20 0 1 0 0 64 0 127 145 42 154 131 70 5 102 72 18
69 0 0 20 0 1 0 0 64 0 12 62 53 113 17 134 185 235 109 201
69 0 0 20 0 1 0 0 64 0 165 190 96 163 78 3 191 105 103 27
69 0 0 20 0 1 0 0 64 0 93 175 200 73 141 81 84 57 115 102
69 0 0 20 0 1 0 0 64 0 56 4 44 182 249 42 45 91 239 169
69 0 0 20 0 1 0 0 64 0 144 75 9 228 157 133 68 80 254 228
69 0 0 20 0 1 0 0 64 0 8 75 71 77 42 183 1 148 255 6
69 0 0 20 0 1 0 0 64 0 56 4 44 182 249 42 45 91 239 169
69 0 0 20 0 1 0 0 64 0 38 159 211 208 90 78 216 17 78 26
69 0 0 20 0 1 0 0 64 0 134 252 23 199 38 163 190 134 246 252
69 0 0 20 0 1 0 0 64 0 196 4 66 166 168 162 213 252 245 159
69 0 0 20 0 1 0 0 64 0 208 206 8 143 224 97 194 180 254 117
69 0 0 20 0 1 0 0 64 0 196 4 66 166 168 162 213 252 245 159
69 0 0 20 0 1 0 0 64 0 20 29 60 74 62 37 46 206 189 143
69 0 0 20 0 1 0 0 64 0 111 103 132 144 205 136 207 188 233 172
69 0 0 20 0 1 0 0 64 0 93 5 64 43 26 80 145 193 49 168
69 0 0 20 0 1 0 0 64 0 196 4 66 166 168 162 213 252 245 159
69 0 0 20 0 1 0 0 64 0 59 213 140 132 75 69 124 111 234 219
69 0 0 20 0 1 0 0 64 0 17 49 21 205 146 244 106 199 86 48
69 0 0 20 0 1 0 0 64 0 93 5 64 43 26 80 145 193 49 168
69 0 0 20 0 1 0 0 64 0 244 144 164 220 11 84 90 161 123 135
69 0 0 20 0 1 0 0 64 0 196 4 66 166 168 162 213 252 245 159
69 0 0 20 0 1 0 0 64 0 196 4 66 166 168 162 213 252 245 159
69 0 0 20 0 1 0 0 64 0 178 79 86 190 5 198 219 91 144 186
69 0 0 20 0 1 0 0 64 0 15 2 48 82 197 157 219 76 154 171
69 0 0 20 0 1 0 0 64 0 194 129 209 142 123 134 176 229 186 109
69 0 0 20 0 1 0 0 64 0 56 4 44 182 249 42 45 91 239 169
69 0 0 20 0 1 0 0 64 0 137 209 55 164 225 209 92 5 123 157
69 0 0 20 0 1 0 0 64 0 56 4 44 182 249 42 45 91 239 169
69 0 0 20 0 1 0 0 64 0 56 4 44 182 249 42 45 91 239 169
69 0 0 20 0 1 0 0 64 0 101 10 200 50 229 8 45 30 59 134
69 0 0 20 0 1 0 0 64 0 150 141 111 241 253 13 167 163 207 185
69 0 0 20 0 1 0 0 64 0 138 195 58 176 63 61 60 238 57 75
69 0 0 20 0 1 0 0 64 0 232 186 174 21 107 234 220 200 155 102
69 0 0 20 0 1 0 0 64 0 127 122 112 229 7 246 179 230 206 173
69 0 0 20 0 1 0 0 64 0 74 143 76 235 3 12 19 82 205 17
69 0 0 20 0 1 0 0 64 0 20 29 60 74 62 37 46 206 189 143
69 0 0 20 0 1 0 0 64 0 196 4 66 166 168 162 213 252 245 159
69 0 0 20 0 1 0 0 64 0 15 2 48 82 197 157 219 76 154 171
69 0 0 20 0 1 0 0 64 0 56 4 44 182 249 42 45 91 239 169
69 0 0 20 0 1 0 0 64 0 93 5 64 43 26 80 145 193 49 168
69 0 0 20 0 1 0 0 64 0 91 177 43 196 115 77 4 209 123 86
69 0 0 20 0 1 0 0 64 0 93 5 64 43 26 80 145 193 49 168
69 0 0 20 0 1 0 0 64 0 120 225 136 48 87 11 174 137 116 67
69 0 0 20 0 1 0 0 64 0 20 29 60 74 62 37 46 206 189 143
69 0 0 20 0 1 0 0 64 0 49 33 65 160 152 206 29 235 81 111
69 0 0 20 0 1 0 0 64 0 71 18 86 182 236 73 121 84 119 131
69 0 0 20 0 1 0 0 64 0 244 144 164 220 11 84 90 161 123 135
69 0 0 20 0 1 0 0 64 0 165 195 74 54 22 241 134 107 237 147
69 0 0 20 0 1 0 0 64 0 56 4 44 182 249 42 45 91 239 169
69 0 0 20 0 1 0 0 64 0 165 102 49 82 47 10 142 161 230 133
69 0 0 20 0 1 0 0 64 0 177 92 214 253 234 17 106 218 157 163
69 0 0 20 0 1 0 0 64 0 209 118 217 105 30 88 65 237 111 196
69 0 0 20 0 1 0 0 64 0 214 169 125 163 19 34 53 227 221 151
69 0 0 20 0 1 0 0 64 0 15 2 48 82 197 157 219 76 154 171
69 0 0 20 0 1 0 0 64 0 66 211 165 221 231 220 1 102 168 246
69 0 0 20 0 1 0 0 64 0 244 144 164 220 11 84 90 161 123 135
69 0 0 20 0 1 0 0 64 0 35 112 83 89 153 172 26 127 79 245
69 0 0 20 0 1 0 0 64 0 165 195 74 54 22 241 134 107 237 147
69 0 0 20 0 1 0 0 64 0 196 4 66 166 168 162 213 252 245 159
69 0 0 20 0 1 0 0 64 0 59 213 140 132 75 69 124 111 234 219
69 0 0 20 0 1 0 0 64 0 29 190 142 119 204 230 155 36 102 169
69 0 0 20 0 1 0 0 64 0 93 5 64 43 26 80 145 193 49 168
69 0 0 20 0 1 0 0 64 0 111 139 179 54 245 191 54 52 44 52
69 0 0 20 0 1 0 0 64 0 6 241 62 85 106 170 89 164 113 85
69 0 0 20 0 1 0 0 64 0 191 109 115 87 23 148 215 54 89 90
69 0 0 20 0 1 0 0 64 0 59 213 140 132 75 69 124 111 234 219
69 0 0 20 0 1 0 0 64 0 186 76 50 190 40 96 93 83 8 44
69 0 0 20 0 1 0 0 64 0 48 176 182 17 163 156 9 236 230 159
69 0 0 20 0 1 0 0 64 0 62 227 48 192 84 122 35 125 147 79
69 0 0 20 0 1 0 0 64 0 91 150 166 117 195 152 202 50 235 18
69 0 0 20 0 1 0 0 64 0 71 254 186 67 26 167 109 190 240 66
69 0 0 20 0 1 0 0 64 0 93 5 64 43 26 80 145 193 49 168
69 0 0 20 0 1 0 0 64 0 20 29 60 74 62 37 46 206 189 143
69 0 0 20 0 1 0 0 64 0 165 195 74 54 22 241 134 107 237 147
69 0 0 20 0 1 0 0 64 0 165 195 74 54 22 241 134 107 237 147
69 0 0 20 0 1 0 0 64 0 6 180 197 188 9 178 60 136 104 63
69 0 0 20 0 1 0 0 64 0 96 218 106 226 30 34 185 249 215 17
69 0 0 20 0 1 0 0 64 0 59 213 140 132 75 69 124 111 234 219
69 0 0 20 0 1 0 0 64 0 234 246 154 222 122 21 6 185 116 70
69 0 0 20 0 1 0 0 64 0 21 105 56 51 90 168 163 127 47 38
69 0 0 20 0 1 0 0 64 0 59 213 140 132 75 69 124 111 234 219
69 0 0 20 0 1 0 0 64 0 123 53 223 14 173 9 89 23 26 133
69 0 0 20 0 1 0 0 64 0 165 195 74 54 22 241 134 107 237 147
69 0 0 20 0 1 0 0 64 0 59 213 140 132 75 69 124 111 234 219
69 0 0 20 0 1 0 0 64 0 208 75 164 212 168 142 220 119 128 195
69 0 0 20 0 1 0 0 64 0 131 210 39 253 68 191 135 209 2 138
69 0 0 20 0 1 0 0 64 0 25 232 5 172 131 156 112 122 103 63
69 0 0 20 0 1 0 0 64 0 15 2 48 82 197 157 219 76 154 171
69 0 0 20 0 1 0 0 64 0 93 5 64 43 26 80 145 193 49 168
69 0 0 20 0 1 0 0 64 0 250 61 204 89 155 237 211 3 69 97
69 0 0 20 0 1 0 0 64 0 20 29 60 74 62 37 46 206 189 143
69 0 0 20 0 1 0 0 64 0 196 4 66 166 168 162 213 252 245 159
69 0 0 20 0 1 0 0 64 0 165 195 74 54 22 241 134 107 237 147
69 0 0 20 0 1 0 0 64 0 93 5 64 43 26 80 145 193 49 168
69 0 0 20 0 1 0 0 64 0 178 173 112 46 129 7 75 151 139 111
69 0 0 20 0 1 0 0 64 0 244 144 164 220 11 84 90 161 123 135
69 0 0 20 0 1 0 0 64 0 93 5 64 43 26 80 145 193 49 168
69 0 0 20 0 1 0 0 64 0 78 36 94 7 139 38 14 187 52 221
69 0 0 20 0 1 0 0 64 0 21 242 65 41 193 110 1 232 96 120
69 0 0 20 0 1 0 0 64 0 93 5 64 43 26 80 145 193 49 168
69 0 0 20 0 1 0 0 64 0 210 217 68 173 189 134 13 109 152 111
69 0 0 20 0 1 0 0 64 0 244 144 164 220 11 84 90 161 123 135
69 0 0 20 0 1 0 0 64 0 33 255 14 33 143 215 204 131 238 110
69 0 0 20 0 1 0 0 64 0 106 37 134 216 129 0 170 190 94 45
69 0 0 20 0 1 0 0 64 0 15 2 48 82 197 157 219 76 154 171
69 0 0 20 0 1 0 0 64 0 59 213 140 132 75 69 124 111 234 219
69 0 0 20 0 1 0 0 64 0 185 150 20 7 188 110 12 169 228 52
69 0 0 20 0 1 0 0 64 0 65 168 68 113 242 101 71 146 186 216
69 0 0 20 0 1 0 0 64 0 93 5 64 43 26 80 145 193 49 168
69 0 0 20 0 1 0 0 64 0 113 214 112 110 211 230 94 116 102 74
69 0 0 20 0 1 0 0 64 0 15 2 48 82 197 157 219 76 154 171
69 0 0 20 0 1 0 0 64 0 201 64 51 170 120 88 158 224 102 198
69 0 0 20 0 1 0 0 64 0 95 184 85 116 7 91 159 132 30 222
69 0 0 20 0 1 0 0 64 0 73 197 176 160 182 184 54 131 147 72
69 0 0 20 0 1 0 0 64 0 196 4 66 166 168 162 213 252 245 159
69 0 0 20 0 1 0 0 64 0 71 104 5 106 183 159 161 124 212 251
69 0 0 20 0 1 0 0 64 0 194 197 18 179 79 149 158 72 183 147
69 0 0 20 0 1 0 0 64 0 165 195 74 54 22 241 134 107 237 147
69 0 0 20 0 1 0 0 64 0 165 195 74 54 22 241 134 107 237 147
69 0 0 20 0 1 0 0 64 0 93 5 64 43 26 80 145 193 49 168
69 0 0 20 0 1 0 0 64 0 166 162 207 30 150 135 182 214 183 202
69 0 0 20 0 1 0 0 64 0 175 10 85 40 117 123 13 60 243 255
69 0 0 20 0 1 0 0 64 0 243 109 122 184 246 30 71 17 207 147
69 0 0 20 0 1 0 0 64 0 199 137 88 100 155 102 74 230 116 175
69 0 0 20 0 1 0 0 64 0 209 99 42 35 42 70 184 72 156 212
69 0 0 20 0 1 0 0 64 0 110 44 64 188 188 207 16 157 254 148
69 0 0 20 0 1 0 0 64 0 59 213 140 132 75 69 124 111 234 219
69 0 0 20 0 1 0 0 64 0 214 133 115 211 236 3 175 141 148 255
69 0 0 20 0 1 0 0 64 0 24 5 170 81 76 65 139 46 225 35
69 0 0 20 0 1 0 0 64 0 29 129 80 202 6 235 151 162 110 17
69 0 0 20 0 1 0 0 64 0 59 213 140 132 75 69 124 111 234 219
69 0 0 20 0 1 0 0 64 0 59 213 140 132 75 69 124 111 234 219
69 0 0 20 0 1 0 0 64 0 15 2 48 82 197 157 219 76 154 171
69 0 0 20 0 1 0 0 64 0 165 195 74 54 22 241 134 107 237 147
69 0 0 20 0 1 0 0 64 0 93 5 64 43 26 80 145 193 49 168
69 0 0 20 0 1 0 0 64 0 100 209 29 144 188 105 157 57 158 229
69 0 0 20 0 1 0 0 64 0 170 191 55 71 68 247 4 23 79 213
69 0 0 20 0 1 0 0 64 0 51 59 191 171 191 65 203 110 253 82
69 0 0 20 0 1 0 0 64 0 115 188 46 172 153 117 94 93 224 174
69 0 0 20 0 1 0 0 64 0 59 157 101 161 32 209 160 54 24 164
69 0 0 20 0 1 0 0 64 0 59 213 140 132 75 69 124 111 234 219
69 0 0 20 0 1 0 0 64 0 56 4 44 182 249 42 45 91 239 169
69 0 0 20 0 1 0 0 64 0 196 4 66 166 168 162 213 252 245 159
69 0 0 20 0 1 0 0 64 0 70 85 118 243 223 99 144 23 78 38
69 0 0 20 0 1 0 0 64 0 139 41 28 230 171 101 17 242 21 131
69 0 0 20 0 1 0 0 64 0 56 4 44 182 249 42 45 91 239 169
69 0 0 20 0 1 0 0 64 0 224 73 106 86 197 117 131 86 231 125
69 0 0 20 0 1 0 0 64 0 244 144 164 220 11 84 90 161 123 135
69 0 0 20 0 1 0 0 64 0 196 4 66 166 168 162 213 252 245 159
69 0 0 20 0 1 0 0 64 0 196 4 66 166 168 162 213 252 245 159
69 0 0 20 0 1 0 0 64 0 48 204 221 148 252 168 214 142 153 81
69 0 0 20 0 1 0 0 64 0 164 139 118 227 128 108 54 32 168 238
69 0 0 20 0 1 0 0 64 0 129 42 29 203 219 216 165 225 90 58
69 0 0 20 0 1 0 0 64 0 165 195 74 54 22 241 134 107 237 147
69 0 0 20 0 1 0 0 64 0 15 130 161 100 83 112 65 209 52 194
69 0 0 20 0 1 0 0 64 0 165 195 74 54 22 241 134 107 237 147
69 0 0 20 0 1 0 0 64 0 240 186 40 51 92 160 121 65 140 26
69 0 0 20 0 1 0 0 64 0 53 108 100 132 209 8 216 255 54 241
69 0 0 20 0 1 0 0 64 0 196 4 66 166 168 162 213 252 245 159
69 0 0 20 0 1 0 0 64 0 176 64 159 132 66 183 217 54 15 55
69 0 0 20 0 1 0 0 64 0 56 4 44 182 249 42 45 91 239 169
69 0 0 20 0 1 0 0 64 0 244 144 164 220 11 84 90 161 123 135
69 0 0 20 0 1 0 0 64 0 20 29 60 74 62 37 46 206 189 143
69 0 0 20 0 1 0 0 64 0 54 123 155 160 221 1 20 247 182 213
69 0 0 20 0 1 0 0 64 0 244 144 164 220 11 84 90 161 123 135
69 0 0 20 0 1 0 0 64 0 244 144 164 220 11 84 90 161 123 135
69 0 0 20 0 1 0 0 64 0 165 195 74 54 22 241 134 107 237 147
69 0 0 20 0 1 0 0 64 0 203 80 149 100 159 223 135 175 242 165
69 0 0 20 0 1 0 0 64 0 221 101 152 185 48 74 149 16 63 112
69 0 0 20 0 1 0 0 64 0 59 213 140 132 75 69 124 111 234 219
69 0 0 20 0 1 0 0 64 0 161 210 221 191 32 84 143 32 75 227
69 0 0 20 0 1 0 0 64 0 125 58 43 208 8 139 36 222 164 118
69 0 0 20 0 1 0 0 64 0 93 5 64 43 26 80 145 193 49 168
69 0 0 20 0 1 0 0 64 0 205 131 7 77 115 253 189 88 116 195
69 0 0 20 0 1 0 0 64 0 130 76 168 169 150 238 157 169 27 92
69 0 0 20 0 1 0 0 64 0 35 125 158 189 118 9 39 155 27 11
69 0 0 20 0 1 0 0 64 0 136 191 90 81 123 196 202 105 81 171
69 0 0 20 0 1 0 0 64 0 127 160 199 127 100 134 220 132 242 190
69 0 0 20 0 1 0 0 64 0 56 4 44 182 249 42 45 91 239 169
69 0 0 20 0 1 0 0 64 0 205 82 46 14 4 180 10 61 112 152
69 0 0 20 0 1 0 0 64 0 84 237 65 12 232 61 44 169 208 9
69 0 0 20 0 1 0 0 64 0 73 62 193 0 107 188 164 150 96 88
69 0 0 20 0 1 0 0 64 0 244 144 164 220 11 84 90 161 123 135
69 0 0 20 0 1 0 0 64 0 139 228 105 108 49 84 123 219 216 105
69 0 0 20 0 1 0 0 64 0 59 213 140 132 75 69 124 111 234 219
69 0 0 20 0 1 0 0 64 0 212 38 45 43 83 125 115 248 178 34
69 0 0 20 0 1 0 0 64 0 20 29 60 74 62 37 46 206 189 143
69 0 0 20 0 1 0 0 64 0 240 75 172 16 103 101 2 154 116 142
69 0 0 20 0 1 0 0 64 0 165 195 74 54 22 241 134 107 237 147
69 0 0 20 0 1 0 0 64 0 83 218 201 113 51 23 199 157 98 233
69 0 0 20 0 1 0 0 64 0 165 10 89 109 162 166 138 44 79 159
69 0 0 20 0 1 0 0 64 0 157 211 157 195 59 53 120 135 139 150
69 0 0 20 0 1 0 0 64 0 244 144 164 220 11 84 90 161 123 135
69 0 0 20 0 1 0 0 64 0 15 2 48 82 197 157 219 76 154 171
69 0 0 20 0 1 0 0 64 0 165 195 74 54 22 241 134 107 237 147
69 0 0 20 0 1 0 0 64 0 196 4 66 166 168 162 213 252 245 159
69 0 0 20 0 1 0 0 64 0 93 5 64 43 26 80 145 193 49 168
69 0 0 20 0 1 0 0 64 0 165 195 74 54 22 241 134 107 237 147
69 0 0 20 0 1 0 0 64 0 56 4 44 182 249 42 45 91 239 169
69 0 0 20 0 1 0 0 64 0 165 195 74 54 22 241 134 107 237 147
69 0 0 20 0 1 0 0 64 0 244 144 164 220 11 84 90 161 123 135
69 0 0 20 0 1 0 0 64 0 93 5 64 43 26 80 145 193 49 168
69 0 0 20 0 1 0 0 64 0 59 213 140 132 75 69 124 111 234 219
69 0 0 20 0 1 0 0 64 0 244 144 164 220 11 84 90 161 123 135
69 0 0 20 0 1 0 0 64 0 56 4 44 182 249 42 45 91 239 169
69 0 0 20 0 1 0 0 64 0 93 5 64 43 26 80 145 193 49 168
69 0 0 20 0 1 0 0 64 0 56 4 44 182 249 42 45 91 239 169
69 0 0 20 0 1 0 0 64 0 59 213 140 132 75 69 124 111 234 219
69 0 0 20 0 1 0 0 64 0 15 2 48 82 197 157 219 76 154 171
69 0 0 20 0 1 0 0 64 0 165 195 74 54 22 241 134 107 237 147
69 0 0 20 0 1 0 0 64 0 95 176 183 120 211 52 60 152 83 244
69 0 0 20 0 1 0 0 64 0 196 4 66 166 168 162 213 252 245 159
69 0 0 20 0 1 0 0 64 0 15 2 48 82 197 157 219 76 154 171
69 0 0 20 0 1 0 0 64 0 228 112 14 94 178 93 116 223 96 222
69 0 0 20 0 1 0 0 64 0 33 26 60 66 227 109 54 57 3 231
69 0 0 20 0 1 0 0 64 0 211 248 60 2 44 22 113 185 205 31
69 0 0 20 0 1 0 0 64 0 244 144 164 220 11 84 90 161 123 135
69 0 0 20 0 1 0 0 64 0 217 193 46 111 3 77 29 240 81 124
69 0 0 20 0 1 0 0 64 0 15 2 48 82 197 157 219 76 154 171
69 0 0 20 0 1 0 0 64 0 219 4 186 75 134 199 172 101 178 108
69 0 0 20 0 1 0 0 64 0 93 74 140 78 154 69 123 180 123 87
69 0 0 20 0 1 0 0 64 0 244 144 164 220 11 84 90 161 123 135
69 0 0 20 0 1 0 0 64 0 159 103 5 242 229 87 37 91 202 221
69 0 0 20 0 1 0 0 64 0 219 77 146 213 161 78 133 54 230 65
69 0 0 20 0 1 0 0 64 0 189 16 182 222 244 148 69 240 204 117
69 0 0 20 0 1 0 0 64 0 196 4 66 166 168 162 213 252 245 159
69 0 0 20 0 1 0 0 64 0 93 5 64 43 26 80 145 193 49 168
69 0 0 20 0 1 0 0 64 0 71 189 173 25 161 221 194 75 33 234
69 0 0 20 0 1 0 0 64 0 59 213 140 132 75 69 124 111 234 219
69 0 0 20 0 1 0 0 64 0 59 213 140 132 75 69 124 111 234 219
69 0 0 20 0 1 0 0 64 0 169 66 75 15 234 86 44 176 111 145
69 0 0 20 0 1 0 0 64 0 190 200 50 163 55 155 21 178 60 49
69 0 0 20 0 1 0 0 64 0 59 213 140 132 75 69 124 111 234 219
69 0 0 20 0 1 0 0 64 0 156 249 102 179 51 174 219 209 103 189
69 0 0 20 0 1 0 0 64 0 56 4 44 182 249 42 45 91 239 169
69 0 0 20 0 1 0 0 64 0 15 129 42 237 136 115 134 16 49 248
69 0 0 20 0 1 0 0 64 0 106 59 53 173 53 101 152 121 13 35
69 0 0 20 0 1 0 0 64 0 15 2 48 82 197 157 219 76 154 171
69 0 0 20 0 1 0 0 64 0 165 195 74 54 22 241 134 107 237 147
69 0 0 20 0 1 0 0 64 0 226 131 34 36 33 225 67 106 16 247
69 0 0 20 0 1 0 0 64 0 196 4 66 166 168 162 213 252 245 159
69 0 0 20 0 1 0 0 64 0 94 223 49 214 214 130 135 14 140 163
69 0 0 20 0 1 0 0 64 0 244 144 164 220 11 84 90 161 123 135
69 0 0 20 0 1 0 0 64 0 11 212 155 78 195 206 28 223 243 25
69 0 0 20 0 1 0 0 64 0 244 144 164 220 11 84 90 161 123 135
69 0 0 20 0 1 0 0 64 0 196 4 66 166 168 162 213 252 245 159
69 0 0 20 0 1 0 0 64 0 200 33 162 76 57 84 105 71 109 224
69 0 0 20 0 1 0 0 64 0 15 2 48 82 197 157 219 76 154 171
69 0 0 20 0 1 0 0 64 0 179 170 181 188 238 211 173 156 117 18
69 0 0 20 0 1 0 0 64 0 20 29 60 74 62 37 46 206 189 143
69 0 0 20 0 1 0 0 64 0 244 144 164 220 11 84 90 161 123 135
69 0 0 20 0 1 0 0 64 0 15 2 48 82 197 157 219 76 154 171
69 0 0 20 0 1 0 0 64 0 2 131 222 95 243 94 21 175 144 249
69 0 0 20 0 1 0 0 64 0 196 4 66 166 168 162 213 252 245 159
69 0 0 20 0 1 0 0 64 0 59 213 140 132 75 69 124 111 234 219
69 0 0 20 0 1 0 0 64 0 59 213 140 132 75 69 124 111 234 219
69 0 0 20 0 1 0 0 64 0 196 4 66 166 168 162 213 252 245 159
69 0 0 20 0 1 0 0 64 0 186 141 155 5 81 69 111 4 101 13
69 0 0 20 0 1 0 0 64 0 249 253 17 217 238 102 82 252 45 176
69 0 0 20 0 1 0 0 64 0 125 193 150 215 56 69 143 165 158 102
69 0 0 20 0 1 0 0 64 0 32 23 42 74 127 234 140 174 35 240
69 0 0 20 0 1 0 0 64 0 15 2 48 82 197 157 219 76 154 171
69 0 0 20 0 1 0 0 64 0 20 29 60 74 62 37 46 206 189 143
69 0 0 20 0 1 0 0 64 0 152 183 65 85 234 16 219 70 219 133
69 0 0 20 0 1 0 0 64 0 244 144 164 220 11 84 90 161 123 135
69 0 0 20 0 1 0 0 64 0 196 4 66 166 168 162 213 252 245 159
69 0 0 20 0 1 0 0 64 0 165 195 74 54 22 241 134 107 237 147
69 0 0 20 0 1 0 0 64 0 160 206 50 114 228 215 7 110 187 99
69 0 0 20 0 1 0 0 64 0 41 218 94 147 115 233 123 202 2 201
69 0 0 20 0 1 0 0 64 0 189 133 145 190 197 6 42 149 60 10
69 0 0 20 0 1 0 0 64 0 244 33 42 208 138 96 100 28 109 123
69 0 0 20 0 1 0 0 64 0 56 94 151 174 234 46 55 170 137 4
69 0 0 20 0 1 0 0 64 0 77 7 186 245 219 214 154 171 252 106
69 0 0 20 0 1 0 0 64 0 16 240 83 140 244 125 205 231 84 8
69 0 0 20 0 1 0 0 64 0 207 204 68 133 53 169 160 247 143 247
69 0 0 20 0 1 0 0 64 0 15 2 48 82 197 157 219 76 154 171
69 0 0 20 0 1 0 0 64 0 12 65 11 156 203 148 60 191 90 185
69 0 0 20 0 1 0 0 64 0 91 49 19 206 84 207 221 163 217 119
69 0 0 20 0 1 0 0 64 0 110 120 153 2 153 83 222 242 251 40
69 0 0 20 0 1 0 0 64 0 238 126 66 53 205 152 57 52 67 105
69 0 0 20 0 1 0 0 64 0 20 29 60 74 62 37 46 206 189 143
69 0 0 20 0 1 0 0 64 0 57 173 104 37 53 211 77 36 86 32
69 0 0 20 0 1 0 0 64 0 31 212 175 77 174 77 99 163 153 215
69 0 0 20 0 1 0 0 64 0 195 219 177 154 89 234 208 242 218 150
69 0 0 20 0 1 0 0 64 0 193 253 74 165 61 43 132 41 172 242
69 0 0 20 0 1 0 0 64 0 165 253 161 148 85 69 61 33 160 241
69 0 0 20 0 1 0 0 64 0 232 252 55 182 4 163 26 226 58 178
69 0 0 20 0 1 0 0 64 0 56 4 44 182 249 42 45 91 239 169
69 0 0 20 0 1 0 0 64 0 165 195 74 54 22 241 134 107 237 147
69 0 0 20 0 1 0 0 64 0 34 152 3 84 182 67 88 87 70 99
69 0 0 20 0 1 0 0 64 0 20 29 60 74 62 37 46 206 189 143
69 0 0 20 0 1 0 0 64 0 65 206 52 49 196 66 163 167 157 0
69 0 0 20 0 1 0 0 64 0 202 41 9 36 198 209 85 194 139 8
69 0 0 20 0 1 0 0 64 0 244 144 164 220 11 84 90 161 123 135
69 0 0 20 0 1 0 0 64 0 143 255 109 242 252 49 222 220 161 233
69 0 0 20 0 1 0 0 64 0 160 211 57 97 42 37 115 20 3 124
69 0 0 20 0 1 0 0 64 0 87 107 134 196 19 178 197 114 195 149
69 0 0 20 0 1 0 0 64 0 247 215 28 48 90 229 210 82 57 170
69 0 0 20 0 1 0 0 64 0 155 112 75 15 2 131 117 195 28 36
69 0 0 20 0 1 0 0 64 0 113 135 155 141 78 57 152 16 135 139
69 0 0 20 0 1 0 0 64 0 100 24 13 46 146 198 17 175 101 46
69 0 0 20 0 1 0 0 64 0 150 1 190 24 246 211 79 44 224 207
69 0 0 20 0 1 0 0 64 0 28 102 12 170 138 0 136 136 63 81
69 0 0 20 0 1 0 0 64 0 206 193 192 245 205 76 104 220 181 9
69 0 0 20 0 1 0 0 64 0 165 195 74 54 22 241 134 107 237 147
69 0 0 20 0 1 0 0 64 0 56 4 44 182 249 42 45 91 239 169
69 0 0 20 0 1 0 0 64 0 253 109 141 161 49 244 5 129 184 101
69 0 0 20 0 1 0 0 64 0 59 213 140 132 75 69 124 111 234 219
69 0 0 20 0 1 0 0 64 0 179 42 145 195 66 92 76 241 166 174
69 0 0 20 0 1 0 0 64 0 167 5 33 255 127 103 156 152 149 229
69 0 0 20 0 1 0 0 64 0 140 0 90 71 64 30 32 234 51 154
69 0 0 20 0 1 0 0 64 0 180 85 18 154 61 120 216 255 157 130
69 0 0 20 0 1 0 0 64 0 225 150 10 100 242 117 44 140 111 237
69 0 0 20 0 1 0 0 64 0 59 213 140 132 75 69 124 111 234 219
69 0 0 20 0 1 0 0 64 0 225 177 213 128 78 85 58 187 58 167
69 0 0 20 0 1 0 0 64 0 20 29 60 74 62 37 46 206 189 143
69 0 0 20 0 1 0 0 64 0 205 108 112 51 212 48 158 190 202 90
69 0 0 20 0 1 0 0 64 0 21 9 62 62 51 135 29 153 214 130
69 0 0 20 0 1 0 0 64 0 80 141 7 173 57 245 54 78 178 108
69 0 0 20 0 1 0 0 64 0 196 4 66 166 168 162 213 252 245 159
69 0 0 20 0 1 0 0 64 0 216 158 106 180 158 36 125 240 27 130
69 0 0 20 0 1 0 0 64 0 15 2 48 82 197 157 219 76 154 171
69 0 0 20 0 1 0 0 64 0 244 144 164 220 11 84 90 161 123 135
69 0 0 20 0 1 0 0 64 0 93 5 64 43 26 80 145 193 49 168
69 0 0 20 0 1 0 0 64 0 244 144 164 220 11 84 90 161 123 135
69 0 0 20 0 1 0 0 64 0 244 144 164 220 11 84 90 161 123 135
69 0 0 20 0 1 0 0 64 0 93 5 64 43 26 80 145 193 49 168
69 0 0 20 0 1 0 0 64 0 107 148 191 248 94 255 180 44 60 49
69 0 0 20 0 1 0 0 64 0 56 4 44 182 249 42 45 91 239 169
69 0 0 20 0 1 0 0 64 0 23 111 179 205 234 159 71 200 125 69
69 0 0 20 0 1 0 0 64 0 15 2 48 82 197 157 219 76 154 171
69 0 0 20 0 1 0 0 64 0 223 111 186 98 11 55 203 54 10 170
69 0 0 20 0 1 0 0 64 0 244 144 164 220 11 84 90 161 123 135
69 0 0 20 0 1 0 0 64 0 79 245 104 3 102 182 83 208 8 107
69 0 0 20 0 1 0 0 64 0 93 5 64 43 26 80 145 193 49 168
