69 0 0 20 0 1 0 0 64 0 204 199 194 167 253 194 24 165 213 18
69 0 0 20 0 1 0 0 64 0 178 127 38 179 102 2 72 251 242 185
69 0 0 20 0 1 0 0 64 0 98 8 210 156 199 219 155 176 226 184
69 0 0 20 0 1 0 0 64 0 153 107 117 174 57 96 130 56 176 55
69 0 0 20 0 1 0 0 64 0 55 39 216 238 144 115 12 48 206 48
69 0 0 20 0 1 0 0 64 0 251 34 163 179 202 25 81 209 192 40
69 0 0 20 0 1 0 0 64 0 162 105 26 82 33 229 14 152 141 177
69 0 0 20 0 1 0 0 64 0 98 8 210 156 199 219 155 176 226 184
69 0 0 20 0 1 0 0 64 0 32 128 13 183 89 158 52 8 191 12
69 0 0 20 0 1 0 0 64 0 192 210 55 234 147 233 144 22 94 45
69 0 0 20 0 1 0 0 64 0 32 128 13 183 89 158 52 8 191 12
69 0 0 20 0 1 0 0 64 0 42 79 25 67 217 157 1 87 92 99
69 0 0 20 0 1 0 0 64 0 55 39 216 238 144 115 12 48 206 48
69 0 0 20 0 1 0 0 64 0 98 8 210 156 199 219 155 176 226 184
69 0 0 20 0 1 0 0 64 0 28 116 40 81 108 201 73 67 128 24
69 0 0 20 0 1 0 0 64 0 225 173 117 41 96 218 139 22 56 34
69 0 0 20 0 1 0 0 64 0 9 187 22 178 39 251 33 66 17 64
69 0 0 20 0 1 0 0 64 0 55 39 216 238 144 115 12 48 206 48
69 0 0 20 0 1 0 0 64 0 218 72 86 9 70 49 107 104 152 254
69 0 0 20 0 1 0 0 64 0 254 102 93 145 28 180 178 57 80 4
69 0 0 20 0 1 0 0 64 0 165 24 184 198 152 6 47 156 85 104
69 0 0 20 0 1 0 0 64 0 7 101 136 129 193 217 200 158 96 139
69 0 0 20 0 1 0 0 64 0 37 132 104 158 82 210 94 7 59 238
69 0 0 20 0 1 0 0 64 0 96 79 1 45 223 91 191 127 122 146
69 0 0 20 0 1 0 0 64 0 98 8 210 156 199 219 155 176 226 184
69 0 0 20 0 1 0 0 64 0 37 132 104 158 82 210 94 7 59 238
69 0 0 20 0 1 0 0 64 0 98 8 210 156 199 219 155 176 226 184
69 0 0 20 0 1 0 0 64 0 134 8 146 109 161 49 212 224 236 97
69 0 0 20 0 1 0 0 64 0 55 39 216 238 144 115 12 48 206 48
69 0 0 20 0 1 0 0 64 0 70 3 164 108 84 213 7 56 52 109
69 0 0 20 0 1 0 0 64 0 31 97 44 169 55 154 175 108 71 217
69 0 0 20 0 1 0 0 64 0 98 8 210 156 199 219 155 176 226 184
69 0 0 20 0 1 0 0 64 0 60 145 93 55 72 236 113 234 38 75
69 0 0 20 0 1 0 0 64 0 22 192 80 38 165 236 79 217 30 62
69 0 0 20 0 1 0 0 64 0 192 210 55 234 147 233 144 22 94 45
69 0 0 20 0 1 0 0 64 0 151 244 201 170 28 150 91 50 161 130
69 0 0 20 0 1 0 0 64 0 52 65 68 100 34 16 73 97 150 211
69 0 0 20 0 1 0 0 64 0 127 58 7 13 163 87 20 75 61 0
69 0 0 20 0 1 0 0 64 0 37 132 104 158 82 210 94 7 59 238
69 0 0 20 0 1 0 0 64 0 151 244 201 170 28 150 91 50 161 130
69 0 0 20 0 1 0 0 64 0 32 128 13 183 89 158 52 8 191 12
69 0 0 20 0 1 0 0 64 0 32 128 13 183 89 158 52 8 191 12
69 0 0 20 0 1 0 0 64 0 94 251 80 239 229 68 71 118 158 68
69 0 0 20 0 1 0 0 64 0 32 128 13 183 89 158 52 8 191 12
69 0 0 20 0 1 0 0 64 0 55 39 216 238 144 115 12 48 206 48
69 0 0 20 0 1 0 0 64 0 130 187 105 76 50 111 189 80 159 34
69 0 0 20 0 1 0 0 64 0 19 113 12 55 227 8 115 64 4 249
69 0 0 20 0 1 0 0 64 0 1 166 170 81 67 239 188 14 206 244
69 0 0 20 0 1 0 0 64 0 210 137 54 121 209 84 89 27 71 119
69 0 0 20 0 1 0 0 64 0 18 163 163 20 49 32 15 196 132 78
69 0 0 20 0 1 0 0 64 0 162 105 26 82 33 229 14 152 141 177
69 0 0 20 0 1 0 0 64 0 131 185 149 219 241 145 24 131 87 64
69 0 0 20 0 1 0 0 64 0 200 138 1 55 181 47 58 194 193 54
69 0 0 20 0 1 0 0 64 0 55 39 216 238 144 115 12 48 206 48
69 0 0 20 0 1 0 0 64 0 239 130 36 145 32 89 28 16 42 109
69 0 0 20 0 1 0 0 64 0 225 173 117 41 96 218 139 22 56 34
69 0 0 20 0 1 0 0 64 0 151 244 201 170 28 150 91 50 161 130
69 0 0 20 0 1 0 0 64 0 5 37 53 78 177 90 29 83 113 201
69 0 0 20 0 1 0 0 64 0 158 52 219 57 56 151 188 22 12 206
69 0 0 20 0 1 0 0 64 0 90 157 7 230 228 193 41 110 10 55
69 0 0 20 0 1 0 0 64 0 98 8 210 156 199 219 155 176 226 184
69 0 0 20 0 1 0 0 64 0 169 92 208 17 169 238 57 93 30 48
69 0 0 20 0 1 0 0 64 0 162 105 26 82 33 229 14 152 141 177
69 0 0 20 0 1 0 0 64 0 72 179 11 185 208 97 186 208 155 75
69 0 0 20 0 1 0 0 64 0 108 231 212 85 21 229 50 202 240 253
69 0 0 20 0 1 0 0 64 0 32 128 13 183 89 158 52 8 191 12
69 0 0 20 0 1 0 0 64 0 192 210 55 234 147 233 144 22 94 45
69 0 0 20 0 1 0 0 64 0 178 135 187 239 103 224 76 128 88 18
69 0 0 20 0 1 0 0 64 0 16 56 223 229 204 18 176 53 14 132
69 0 0 20 0 1 0 0 64 0 93 158 155 103 119 95 120 53 146 79
69 0 0 20 0 1 0 0 64 0 18 97 41 247 70 30 186 123 61 248
69 0 0 20 0 1 0 0 64 0 20 125 220 51 238 253 8 188 146 127
69 0 0 20 0 1 0 0 64 0 107 86 140 80 99 242 113 192 173 144
69 0 0 20 0 1 0 0 64 0 1 184 206 7 4 44 71 248 95 6
69 0 0 20 0 1 0 0 64 0 151 244 201 170 28 150 91 50 161 130
69 0 0 20 0 1 0 0 64 0 225 173 117 41 96 218 139 22 56 34
69 0 0 20 0 1 0 0 64 0 225 173 117 41 96 218 139 22 56 34
69 0 0 20 0 1 0 0 64 0 192 210 55 234 147 233 144 22 94 45
69 0 0 20 0 1 0 0 64 0 235 95 155 194 184 163 37 75 21 217
69 0 0 20 0 1 0 0 64 0 30 113 35 149 41 156 65 226 205 101
69 0 0 20 0 1 0 0 64 0 55 39 216 238 144 115 12 48 206 48
69 0 0 20 0 1 0 0 64 0 192 210 55 234 147 233 144 22 94 45
69 0 0 20 0 1 0 0 64 0 192 210 55 234 147 233 144 22 94 45
69 0 0 20 0 1 0 0 64 0 201 167 56 71 63 130 10 124 46 253
69 0 0 20 0 1 0 0 64 0 63 202 98 237 71 34 39 89 105 183
69 0 0 20 0 1 0 0 64 0 226 159 188 51 86 192 17 210 115 132
69 0 0 20 0 1 0 0 64 0 37 132 104 158 82 210 94 7 59 238
69 0 0 20 0 1 0 0 64 0 98 8 210 156 199 219 155 176 226 184
69 0 0 20 0 1 0 0 64 0 116 27 116 130 148 190 122 25 131 116
69 0 0 20 0 1 0 0 64 0 23 137 125 243 53 228 10 175 164 218
69 0 0 20 0 1 0 0 64 0 98 8 210 156 199 219 155 176 226 184
69 0 0 20 0 1 0 0 64 0 200 96 116 254 76 207 183 168 57 19
69 0 0 20 0 1 0 0 64 0 162 176 216 255 22 253 187 135 44 181
69 0 0 20 0 1 0 0 64 0 15 26 67 167 206 81 196 40 149 174
69 0 0 20 0 1 0 0 64 0 162 105 26 82 33 229 14 152 141 177
69 0 0 20 0 1 0 0 64 0 55 39 216 238 144 115 12 48 206 48
69 0 0 20 0 1 0 0 64 0 204 1 221 235 117 12 217 75 130 164
69 0 0 20 0 1 0 0 64 0 212 171 41 207 144 124 159 109 76 133
69 0 0 20 0 1 0 0 64 0 98 8 210 156 199 219 155 176 226 184
69 0 0 20 0 1 0 0 64 0 192 104 16 71 127 173 93 40 205 100
69 0 0 20 0 1 0 0 64 0 37 132 104 158 82 210 94 7 59 238
69 0 0 20 0 1 0 0 64 0 51 192 184 22 76 203 221 185 100 142
69 0 0 20 0 1 0 0 64 0 192 210 55 234 147 233 144 22 94 45
69 0 0 20 0 1 0 0 64 0 151 244 201 170 28 150 91 50 161 130
69 0 0 20 0 1 0 0 64 0 215 125 44 32 1 52 77 225 40 55
69 0 0 20 0 1 0 0 64 0 239 53 59 203 107 167 169 0 59 65
69 0 0 20 0 1 0 0 64 0 223 179 168 33 32 215 214 249 251 67
69 0 0 20 0 1 0 0 64 0 55 39 216 238 144 115 12 48 206 48
69 0 0 20 0 1 0 0 64 0 32 128 13 183 89 158 52 8 191 12
69 0 0 20 0 1 0 0 64 0 143 77 36 172 68 247 130 9 255 239
69 0 0 20 0 1 0 0 64 0 192 210 55 234 147 233 144 22 94 45
69 0 0 20 0 1 0 0 64 0 198 113 54 133 149 19 209 19 23 204
69 0 0 20 0 1 0 0 64 0 192 210 55 234 147 233 144 22 94 45
69 0 0 20 0 1 0 0 64 0 98 8 210 156 199 219 155 176 226 184
69 0 0 20 0 1 0 0 64 0 97 94 113 170 177 29 179 8 67 187
69 0 0 20 0 1 0 0 64 0 151 244 201 170 28 150 91 50 161 130
69 0 0 20 0 1 0 0 64 0 55 39 216 238 144 115 12 48 206 48
69 0 0 20 0 1 0 0 64 0 85 188 86 193 33 94 208 64 220 205
69 0 0 20 0 1 0 0 64 0 55 39 216 238 144 115 12 48 206 48
69 0 0 20 0 1 0 0 64 0 78 112 100 136 54 82 99 247 45 168
69 0 0 20 0 1 0 0 64 0 32 128 13 183 89 158 52 8 191 12
69 0 0 20 0 1 0 0 64 0 151 203 172 71 31 178 161 145 117 147
69 0 0 20 0 1 0 0 64 0 225 173 117 41 96 218 139 22 56 34
69 0 0 20 0 1 0 0 64 0 23 28 216 7 61 61 196 207 137 185
69 0 0 20 0 1 0 0 64 0 123 67 95 107 115 0 72 65 228 249
69 0 0 20 0 1 0 0 64 0 85 99 183 166 97 103 75 150 192 226
69 0 0 20 0 1 0 0 64 0 192 210 55 234 147 233 144 22 94 45
69 0 0 20 0 1 0 0 64 0 162 105 26 82 33 229 14 152 141 177
69 0 0 20 0 1 0 0 64 0 149 14 6 208 247 231 38 21 193 14
69 0 0 20 0 1 0 0 64 0 139 17 147 41 4 254 53 114 34 63
69 0 0 20 0 1 0 0 64 0 225 173 117 41 96 218 139 22 56 34
69 0 0 20 0 1 0 0 64 0 98 8 210 156 199 219 155 176 226 184
69 0 0 20 0 1 0 0 64 0 36 43 183 79 21 151 71 46 66 170
69 0 0 20 0 1 0 0 64 0 55 39 216 238 144 115 12 48 206 48
69 0 0 20 0 1 0 0 64 0 55 39 216 238 144 115 12 48 206 48
69 0 0 20 0 1 0 0 64 0 19 125 95 194 128 144 85 176 49 106
69 0 0 20 0 1 0 0 64 0 32 128 13 183 89 158 52 8 191 12
69 0 0 20 0 1 0 0 64 0 37 132 104 158 82 210 94 7 59 238
69 0 0 20 0 1 0 0 64 0 225 173 117 41 96 218 139 22 56 34
69 0 0 20 0 1 0 0 64 0 37 132 104 158 82 210 94 7 59 238
69 0 0 20 0 1 0 0 64 0 106 92 4 94 75 234 55 246 136 79
69 0 0 20 0 1 0 0 64 0 151 244 201 170 28 150 91 50 161 130
69 0 0 20 0 1 0 0 64 0 241 114 194 18 7 181 46 93 145 82
69 0 0 20 0 1 0 0 64 0 192 210 55 234 147 233 144 22 94 45
69 0 0 20 0 1 0 0 64 0 55 39 216 238 144 115 12 48 206 48
69 0 0 20 0 1 0 0 64 0 234 51 133 71 16 2 120 77 131 31
69 0 0 20 0 1 0 0 64 0 103 224 122 82 152 182 219 3 36 253
69 0 0 20 0 1 0 0 64 0 192 210 55 234 147 233 144 22 94 45
69 0 0 20 0 1 0 0 64 0 151 244 201 170 28 150 91 50 161 130
69 0 0 20 0 1 0 0 64 0 192 210 55 234 147 233 144 22 94 45
69 0 0 20 0 1 0 0 64 0 223 160 29 19 41 223 118 124 221 218
69 0 0 20 0 1 0 0 64 0 158 102 73 4 6 204 87 229 52 206
69 0 0 20 0 1 0 0 64 0 177 226 22 85 9 14 90 90 79 74
69 0 0 20 0 1 0 0 64 0 129 183 163 163 251 179 96 223 248 251
69 0 0 20 0 1 0 0 64 0 32 128 13 183 89 158 52 8 191 12
69 0 0 20 0 1 0 0 64 0 233 39 24 76 164 62 45 83 167 228
69 0 0 20 0 1 0 0 64 0 254 107 176 114 135 215 71 164 252 143
69 0 0 20 0 1 0 0 64 0 98 8 210 156 199 219 155 176 226 184
69 0 0 20 0 1 0 0 64 0 162 105 26 82 33 229 14 152 141 177
69 0 0 20 0 1 0 0 64 0 70 141 95 79 137 57 96 230 234 237
69 0 0 20 0 1 0 0 64 0 225 173 117 41 96 218 139 22 56 34
69 0 0 20 0 1 0 0 64 0 3 181 162 184 114 31 48 235 49 114
69 0 0 20 0 1 0 0 64 0 162 105 26 82 33 229 14 152 141 177
69 0 0 20 0 1 0 0 64 0 162 105 26 82 33 229 14 152 141 177
69 0 0 20 0 1 0 0 64 0 32 128 13 183 89 158 52 8 191 12
69 0 0 20 0 1 0 0 64 0 162 105 26 82 33 229 14 152 141 177
69 0 0 20 0 1 0 0 64 0 54 34 19 130 232 167 203 208 124 205
69 0 0 20 0 1 0 0 64 0 197 209 87 8 18 74 21 87 54 111
69 0 0 20 0 1 0 0 64 0 189 16 142 22 16 35 138 3 149 156
69 0 0 20 0 1 0 0 64 0 162 105 26 82 33 229 14 152 141 177
69 0 0 20 0 1 0 0 64 0 177 43 198 80 174 11 131 192 209 161
69 0 0 20 0 1 0 0 64 0 32 128 13 183 89 158 52 8 191 12
69 0 0 20 0 1 0 0 64 0 250 122 123 21 226 115 24 162 10 68
69 0 0 20 0 1 0 0 64 0 44 156 211 78 117 5 49 91 212 158
69 0 0 20 0 1 0 0 64 0 192 210 55 234 147 233 144 22 94 45
69 0 0 20 0 1 0 0 64 0 225 173 117 41 96 218 139 22 56 34
69 0 0 20 0 1 0 0 64 0 192 210 55 234 147 233 144 22 94 45
69 0 0 20 0 1 0 0 64 0 229 79 168 103 140 166 97 31 255 108
69 0 0 20 0 1 0 0 64 0 32 128 13 183 89 158 52 8 191 12
69 0 0 20 0 1 0 0 64 0 162 105 26 82 33 229 14 152 141 177
69 0 0 20 0 1 0 0 64 0 129 252 35 107 117 219 131 180 219 242
69 0 0 20 0 1 0 0 64 0 62 163 108 146 8 118 96 155 102 163
69 0 0 20 0 1 0 0 64 0 98 8 210 156 199 219 155 176 226 184
69 0 0 20 0 1 0 0 64 0 55 39 216 238 144 115 12 48 206 48
69 0 0 20 0 1 0 0 64 0 187 177 111 114 16 183 132 111 186 159
69 0 0 20 0 1 0 0 64 0 98 8 210 156 199 219 155 176 226 184
69 0 0 20 0 1 0 0 64 0 98 8 210 156 199 219 155 176 226 184
69 0 0 20 0 1 0 0 64 0 192 210 55 234 147 233 144 22 94 45
69 0 0 20 0 1 0 0 64 0 7 126 179 104 76 3 202 111 169 144
69 0 0 20 0 1 0 0 64 0 98 8 210 156 199 219 155 176 226 184
69 0 0 20 0 1 0 0 64 0 115 42 53 90 27 35 218 126 220 195
69 0 0 20 0 1 0 0 64 0 243 198 98 29 120 139 2 224 169 154
69 0 0 20 0 1 0 0 64 0 2 82 71 30 103 39 154 250 47 88
69 0 0 20 0 1 0 0 64 0 151 244 201 170 28 150 91 50 161 130
69 0 0 20 0 1 0 0 64 0 115 117 160 28 62 213 12 166 27 221
69 0 0 20 0 1 0 0 64 0 37 132 104 158 82 210 94 7 59 238
69 0 0 20 0 1 0 0 64 0 38 103 188 169 196 127 61 105 149 240
69 0 0 20 0 1 0 0 64 0 56 162 32 117 62 137 33 209 193 120
69 0 0 20 0 1 0 0 64 0 32 128 13 183 89 158 52 8 191 12
69 0 0 20 0 1 0 0 64 0 55 39 216 238 144 115 12 48 206 48
69 0 0 20 0 1 0 0 64 0 88 51 180 140 251 35 197 236 173 25
69 0 0 20 0 1 0 0 64 0 218 165 101 198 81 215 10 51 222 115
69 0 0 20 0 1 0 0 64 0 52 106 126 32 139 87 168 165 148 98
69 0 0 20 0 1 0 0 64 0 151 244 201 170 28 150 91 50 161 130
69 0 0 20 0 1 0 0 64 0 100 3 70 17 107 15 93 101 8 97
69 0 0 20 0 1 0 0 64 0 142 92 190 0 169 180 165 252 222 219
69 0 0 20 0 1 0 0 64 0 29 151 136 111 239 191 40 227 188 64
69 0 0 20 0 1 0 0 64 0 151 244 201 170 28 150 91 50 161 130
69 0 0 20 0 1 0 0 64 0 148 165 159 114 234 165 81 137 10 163
69 0 0 20 0 1 0 0 64 0 230 197 23 11 123 43 76 203 181 34
69 0 0 20 0 1 0 0 64 0 98 8 210 156 199 219 155 176 226 184
69 0 0 20 0 1 0 0 64 0 116 123 136 243 255 174 2 221 122 239
69 0 0 20 0 1 0 0 64 0 3 159 64 109 201 17 136 169 229 34
69 0 0 20 0 1 0 0 64 0 162 105 26 82 33 229 14 152 141 177
69 0 0 20 0 1 0 0 64 0 192 210 55 234 147 233 144 22 94 45
69 0 0 20 0 1 0 0 64 0 151 244 201 170 28 150 91 50 161 130
69 0 0 20 0 1 0 0 64 0 55 39 216 238 144 115 12 48 206 48
69 0 0 20 0 1 0 0 64 0 151 244 201 170 28 150 91 50 161 130
69 0 0 20 0 1 0 0 64 0 154 7 151 74 166 218 165 219 252 225
69 0 0 20 0 1 0 0 64 0 190 200 96 70 147 33 120 173 80 12
69 0 0 20 0 1 0 0 64 0 2 211 67 34 173 180 80 239 54 81
69 0 0 20 0 1 0 0 64 0 162 105 26 82 33 229 14 152 141 177
69 0 0 20 0 1 0 0 64 0 71 223 3 67 215 156 9 216 78 83
69 0 0 20 0 1 0 0 64 0 191 87 98 166 61 167 115 209 167 115
69 0 0 20 0 1 0 0 64 0 98 8 210 156 199 219 155 176 226 184
69 0 0 20 0 1 0 0 64 0 37 132 104 158 82 210 94 7 59 238
69 0 0 20 0 1 0 0 64 0 162 105 26 82 33 229 14 152 141 177
69 0 0 20 0 1 0 0 64 0 12 5 201 19 6 148 104 78 54 239
69 0 0 20 0 1 0 0 64 0 127 190 78 87 182 239 145 193 100 35
69 0 0 20 0 1 0 0 64 0 151 244 201 170 28 150 91 50 161 130
69 0 0 20 0 1 0 0 64 0 162 105 26 82 33 229 14 152 141 177
69 0 0 20 0 1 0 0 64 0 137 209 101 192 83 45 82 6 230 36
69 0 0 20 0 1 0 0 64 0 35 3 93 218 109 165 223 130 172 228
69 0 0 20 0 1 0 0 64 0 58 145 196 122 195 7 134 107 50 107
69 0 0 20 0 1 0 0 64 0 28 156 38 111 206 121 139 158 221 198
69 0 0 20 0 1 0 0 64 0 47 230 121 81 209 158 14 5 242 14
69 0 0 20 0 1 0 0 64 0 160 231 150 127 128 65 153 158 41 163
69 0 0 20 0 1 0 0 64 0 17 130 20 122 184 246 175 18 236 228
69 0 0 20 0 1 0 0 64 0 180 64 119 154 188 18 43 217 103 35
69 0 0 20 0 1 0 0 64 0 151 244 201 170 28 150 91 50 161 130
69 0 0 20 0 1 0 0 64 0 225 255 52 55 41 127 106 132 208 175
69 0 0 20 0 1 0 0 64 0 87 112 3 128 142 177 170 7 231 64
69 0 0 20 0 1 0 0 64 0 189 159 98 38 196 25 167 131 239 134
69 0 0 20 0 1 0 0 64 0 235 181 22 56 39 204 108 39 229 8
69 0 0 20 0 1 0 0 64 0 192 210 55 234 147 233 144 22 94 45
69 0 0 20 0 1 0 0 64 0 98 8 210 156 199 219 155 176 226 184
69 0 0 20 0 1 0 0 64 0 192 210 55 234 147 233 144 22 94 45
69 0 0 20 0 1 0 0 64 0 55 39 216 238 144 115 12 48 206 48
69 0 0 20 0 1 0 0 64 0 209 57 101 217 15 81 104 178 203 211
69 0 0 20 0 1 0 0 64 0 192 210 55 234 147 233 144 22 94 45
69 0 0 20 0 1 0 0 64 0 55 39 216 238 144 115 12 48 206 48
69 0 0 20 0 1 0 0 64 0 32 128 13 183 89 158 52 8 191 12
69 0 0 20 0 1 0 0 64 0 225 173 117 41 96 218 139 22 56 34
69 0 0 20 0 1 0 0 64 0 162 105 26 82 33 229 14 152 141 177
69 0 0 20 0 1 0 0 64 0 185 202 144 209 19 172 223 238 60 179
69 0 0 20 0 1 0 0 64 0 249 0 107 210 20 102 187 160 70 16
69 0 0 20 0 1 0 0 64 0 32 128 13 183 89 158 52 8 191 12
69 0 0 20 0 1 0 0 64 0 37 132 104 158 82 210 94 7 59 238
69 0 0 20 0 1 0 0 64 0 77 107 166 95 78 15 7 186 49 86
69 0 0 20 0 1 0 0 64 0 98 8 210 156 199 219 155 176 226 184
69 0 0 20 0 1 0 0 64 0 192 210 55 234 147 233 144 22 94 45
69 0 0 20 0 1 0 0 64 0 224 246 58 43 189 34 147 18 15 147
69 0 0 20 0 1 0 0 64 0 187 82 49 56 237 119 30 222 130 9
69 0 0 20 0 1 0 0 64 0 151 244 201 170 28 150 91 50 161 130
69 0 0 20 0 1 0 0 64 0 134 160 111 127 200 37 5 234 182 186
69 0 0 20 0 1 0 0 64 0 162 105 26 82 33 229 14 152 141 177
69 0 0 20 0 1 0 0 64 0 162 105 26 82 33 229 14 152 141 177
69 0 0 20 0 1 0 0 64 0 162 105 26 82 33 229 14 152 141 177
69 0 0 20 0 1 0 0 64 0 236 90 178 75 233 244 6 181 235 153
69 0 0 20 0 1 0 0 64 0 84 54 85 117 132 177 163 214 168 182
69 0 0 20 0 1 0 0 64 0 79 249 144 180 214 125 185 179 10 11
69 0 0 20 0 1 0 0 64 0 107 93 150 203 176 80 141 12 59 100
69 0 0 20 0 1 0 0 64 0 50 249 91 85 186 144 208 152 97 114
69 0 0 20 0 1 0 0 64 0 98 8 210 156 199 219 155 176 226 184
69 0 0 20 0 1 0 0 64 0 25 233 20 203 95 226 20 40 216 43
69 0 0 20 0 1 0 0 64 0 151 244 201 170 28 150 91 50 161 130
69 0 0 20 0 1 0 0 64 0 130 79 114 193 8 161 184 167 196 144
69 0 0 20 0 1 0 0 64 0 192 210 55 234 147 233 144 22 94 45
69 0 0 20 0 1 0 0 64 0 238 201 42 92 221 56 129 161 2 234
69 0 0 20 0 1 0 0 64 0 55 39 216 238 144 115 12 48 206 48
69 0 0 20 0 1 0 0 64 0 192 210 55 234 147 233 144 22 94 45
69 0 0 20 0 1 0 0 64 0 98 8 210 156 199 219 155 176 226 184
69 0 0 20 0 1 0 0 64 0 32 128 13 183 89 158 52 8 191 12
69 0 0 20 0 1 0 0 64 0 121 212 46 120 22 23 145 118 43 16
69 0 0 20 0 1 0 0 64 0 151 244 201 170 28 150 91 50 161 130
69 0 0 20 0 1 0 0 64 0 192 210 55 234 147 233 144 22 94 45
69 0 0 20 0 1 0 0 64 0 98 8 210 156 199 219 155 176 226 184
69 0 0 20 0 1 0 0 64 0 214 117 83 64 50 64 150 190 136 53
69 0 0 20 0 1 0 0 64 0 39 196 13 68 129 45 146 169 50 11
69 0 0 20 0 1 0 0 64 0 162 105 26 82 33 229 14 152 141 177
69 0 0 20 0 1 0 0 64 0 37 173 75 167 25 66 51 61 189 22
69 0 0 20 0 1 0 0 64 0 246 3 53 19 124 28 100 42 111 140
69 0 0 20 0 1 0 0 64 0 225 173 117 41 96 218 139 22 56 34
69 0 0 20 0 1 0 0 64 0 55 39 216 238 144 115 12 48 206 48
69 0 0 20 0 1 0 0 64 0 61 12 182 80 33 232 78 237 22 184
69 0 0 20 0 1 0 0 64 0 182 78 213 44 246 72 130 51 118 242
69 0 0 20 0 1 0 0 64 0 25 7 30 126 131 7 100 230 91 119
69 0 0 20 0 1 0 0 64 0 37 132 104 158 82 210 94 7 59 238
69 0 0 20 0 1 0 0 64 0 37 132 104 158 82 210 94 7 59 238
69 0 0 20 0 1 0 0 64 0 187 194 34 243 94 221 69 193 247 149
69 0 0 20 0 1 0 0 64 0 192 210 55 234 147 233 144 22 94 45
69 0 0 20 0 1 0 0 64 0 114 10 122 255 112 22 83 152 202 49
69 0 0 20 0 1 0 0 64 0 55 39 216 238 144 115 12 48 206 48
69 0 0 20 0 1 0 0 64 0 32 128 13 183 89 158 52 8 191 12
69 0 0 20 0 1 0 0 64 0 98 8 210 156 199 219 155 176 226 184
69 0 0 20 0 1 0 0 64 0 151 244 201 170 28 150 91 50 161 130
69 0 0 20 0 1 0 0 64 0 225 173 117 41 96 218 139 22 56 34
69 0 0 20 0 1 0 0 64 0 118 176 82 26 236 63 199 107 254 115
69 0 0 20 0 1 0 0 64 0 5 118 24 123 156 247 8 16 183 241
69 0 0 20 0 1 0 0 64 0 225 173 117 41 96 218 139 22 56 34
69 0 0 20 0 1 0 0 64 0 192 210 55 234 147 233 144 22 94 45
69 0 0 20 0 1 0 0 64 0 104 54 155 69 203 14 17 107 154 244
69 0 0 20 0 1 0 0 64 0 162 105 26 82 33 229 14 152 141 177
69 0 0 20 0 1 0 0 64 0 64 60 207 144 36 145 172 72 154 67
69 0 0 20 0 1 0 0 64 0 98 8 210 156 199 219 155 176 226 184
69 0 0 20 0 1 0 0 64 0 37 132 104 158 82 210 94 7 59 238
69 0 0 20 0 1 0 0 64 0 175 56 50 104 178 51 32 178 198 99
69 0 0 20 0 1 0 0 64 0 192 210 55 234 147 233 144 22 94 45
69 0 0 20 0 1 0 0 64 0 5 70 68 43 38 77 110 77 156 222
69 0 0 20 0 1 0 0 64 0 248 15 95 97 9 34 16 102 9 241
69 0 0 20 0 1 0 0 64 0 98 8 210 156 199 219 155 176 226 184
69 0 0 20 0 1 0 0 64 0 37 132 104 158 82 210 94 7 59 238
69 0 0 20 0 1 0 0 64 0 151 244 201 170 28 150 91 50 161 130
69 0 0 20 0 1 0 0 64 0 55 39 216 238 144 115 12 48 206 48
69 0 0 20 0 1 0 0 64 0 225 173 117 41 96 218 139 22 56 34
69 0 0 20 0 1 0 0 64 0 37 132 104 158 82 210 94 7 59 238
69 0 0 20 0 1 0 0 64 0 221 86 74 212 172 162 22 231 143 53
69 0 0 20 0 1 0 0 64 0 190 139 62 214 112 194 31 106 237 91
69 0 0 20 0 1 0 0 64 0 32 128 13 183 89 158 52 8 191 12
69 0 0 20 0 1 0 0 64 0 98 8 210 156 199 219 155 176 226 184
69 0 0 20 0 1 0 0 64 0 55 39 216 238 144 115 12 48 206 48
69 0 0 20 0 1 0 0 64 0 98 106 50 224 196 8 46 26 243 124
69 0 0 20 0 1 0 0 64 0 98 8 210 156 199 219 155 176 226 184
69 0 0 20 0 1 0 0 64 0 37 132 104 158 82 210 94 7 59 238
69 0 0 20 0 1 0 0 64 0 225 173 117 41 96 218 139 22 56 34
69 0 0 20 0 1 0 0 64 0 55 39 216 238 144 115 12 48 206 48
69 0 0 20 0 1 0 0 64 0 162 105 26 82 33 229 14 152 141 177
69 0 0 20 0 1 0 0 64 0 156 10 137 93 26 250 200 61 114 74
69 0 0 20 0 1 0 0 64 0 172 225 164 209 124 66 99 15 73 229
69 0 0 20 0 1 0 0 64 0 98 8 210 156 199 219 155 176 226 184
69 0 0 20 0 1 0 0 64 0 103 198 150 110 5 88 30 161 88 188
69 0 0 20 0 1 0 0 64 0 162 105 26 82 33 229 14 152 141 177
69 0 0 20 0 1 0 0 64 0 225 173 117 41 96 218 139 22 56 34
69 0 0 20 0 1 0 0 64 0 151 244 201 170 28 150 91 50 161 130
69 0 0 20 0 1 0 0 64 0 55 39 216 238 144 115 12 48 206 48
69 0 0 20 0 1 0 0 64 0 49 54 56 193 216 153 52 190 3 155
69 0 0 20 0 1 0 0 64 0 55 39 216 238 144 115 12 48 206 48
69 0 0 20 0 1 0 0 64 0 160 254 67 157 208 134 186 125 11 74
69 0 0 20 0 1 0 0 64 0 192 210 55 234 147 233 144 22 94 45
69 0 0 20 0 1 0 0 64 0 87 80 173 139 40 4 186 66 147 199
69 0 0 20 0 1 0 0 64 0 98 8 210 156 199 219 155 176 226 184
69 0 0 20 0 1 0 0 64 0 151 244 201 170 28 150 91 50 161 130
69 0 0 20 0 1 0 0 64 0 192 210 55 234 147 233 144 22 94 45
69 0 0 20 0 1 0 0 64 0 102 201 201 134 110 139 89 31 130 239
69 0 0 20 0 1 0 0 64 0 243 224 29 89 232 163 153 134 231 133
69 0 0 20 0 1 0 0 64 0 149 213 57 180 204 235 186 163 35 209
69 0 0 20 0 1 0 0 64 0 37 132 104 158 82 210 94 7 59 238
69 0 0 20 0 1 0 0 64 0 55 39 216 238 144 115 12 48 206 48
69 0 0 20 0 1 0 0 64 0 55 39 216 238 144 115 12 48 206 48
69 0 0 20 0 1 0 0 64 0 175 104 139 208 9 32 212 245 97 155
69 0 0 20 0 1 0 0 64 0 32 128 13 183 89 158 52 8 191 12
69 0 0 20 0 1 0 0 64 0 9 133 106 97 79 245 93 73 89 197
69 0 0 20 0 1 0 0 64 0 250 188 123 147 41 47 197 181 21 181
69 0 0 20 0 1 0 0 64 0 151 244 201 170 28 150 91 50 161 130
69 0 0 20 0 1 0 0 64 0 192 210 55 234 147 233 144 22 94 45
69 0 0 20 0 1 0 0 64 0 192 210 55 234 147 233 144 22 94 45
69 0 0 20 0 1 0 0 64 0 98 8 210 156 199 219 155 176 226 184
69 0 0 20 0 1 0 0 64 0 32 128 13 183 89 158 52 8 191 12
69 0 0 20 0 1 0 0 64 0 151 244 201 170 28 150 91 50 161 130
69 0 0 20 0 1 0 0 64 0 137 2 113 74 1 206 213 152 169 54
69 0 0 20 0 1 0 0 64 0 2 127 196 210 60 159 151 163 223 85
69 0 0 20 0 1 0 0 64 0 162 105 26 82 33 229 14 152 141 177
69 0 0 20 0 1 0 0 64 0 211 208 133 87 115 238 107 31 66 180
69 0 0 20 0 1 0 0 64 0 124 140 23 195 97 52 104 29 29 73
69 0 0 20 0 1 0 0 64 0 131 216 65 242 130 104 170 87 136 95
69 0 0 20 0 1 0 0 64 0 68 206 54 252 192 50 112 85 206 151
69 0 0 20 0 1 0 0 64 0 98 8 210 156 199 219 155 176 226 184
69 0 0 20 0 1 0 0 64 0 47 179 184 45 144 107 56 90 202 67
69 0 0 20 0 1 0 0 64 0 167 113 139 44 0 170 179 36 148 125
69 0 0 20 0 1 0 0 64 0 192 210 55 234 147 233 144 22 94 45
69 0 0 20 0 1 0 0 64 0 32 128 13 183 89 158 52 8 191 12
69 0 0 20 0 1 0 0 64 0 134 78 3 14 120 175 67 219 53 3
69 0 0 20 0 1 0 0 64 0 98 8 210 156 199 219 155 176 226 184
69 0 0 20 0 1 0 0 64 0 236 194 70 85 155 93 170 61 2 55
69 0 0 20 0 1 0 0 64 0 192 210 55 234 147 233 144 22 94 45
69 0 0 20 0 1 0 0 64 0 98 8 210 156 199 219 155 176 226 184
69 0 0 20 0 1 0 0 64 0 216 25 209 8 46 187 185 144 233 123
69 0 0 20 0 1 0 0 64 0 151 244 201 170 28 150 91 50 161 130
69 0 0 20 0 1 0 0 64 0 192 210 55 234 147 233 144 22 94 45
69 0 0 20 0 1 0 0 64 0 98 8 210 156 199 219 155 176 226 184
69 0 0 20 0 1 0 0 64 0 130 201 115 238 24 206 132 96 231 3
69 0 0 20 0 1 0 0 64 0 32 128 13 183 89 158 52 8 191 12
69 0 0 20 0 1 0 0 64 0 247 20 222 179 8 24 104 188 52 77
69 0 0 20 0 1 0 0 64 0 225 173 117 41 96 218 139 22 56 34
69 0 0 20 0 1 0 0 64 0 81 252 140 152 146 205 76 36 189 99
69 0 0 20 0 1 0 0 64 0 151 244 201 170 28 150 91 50 161 130
69 0 0 20 0 1 0 0 64 0 129 8 136 251 188 228 135 208 44 49
69 0 0 20 0 1 0 0 64 0 151 244 201 170 28 150 91 50 161 130
69 0 0 20 0 1 0 0 64 0 98 8 210 156 199 219 155 176 226 184
69 0 0 20 0 1 0 0 64 0 151 244 201 170 28 150 91 50 161 130
69 0 0 20 0 1 0 0 64 0 16 213 53 8 246 118 219 28 99 121
69 0 0 20 0 1 0 0 64 0 44 177 20 186 141 115 35 171 136 96
69 0 0 20 0 1 0 0 64 0 162 105 26 82 33 229 14 152 141 177
69 0 0 20 0 1 0 0 64 0 44 88 140 188 196 81 47 57 206 74
69 0 0 20 0 1 0 0 64 0 162 105 26 82 33 229 14 152 141 177
69 0 0 20 0 1 0 0 64 0 198 164 136 194 24 41 151 239 123 106
69 0 0 20 0 1 0 0 64 0 192 210 55 234 147 233 144 22 94 45
69 0 0 20 0 1 0 0 64 0 32 128 13 183 89 158 52 8 191 12
69 0 0 20 0 1 0 0 64 0 166 61 120 50 241 139 2 186 104 52
69 0 0 20 0 1 0 0 64 0 239 216 39 36 249 60 17 75 89 101
69 0 0 20 0 1 0 0 64 0 182 189 174 177 40 188 56 222 179 224
69 0 0 20 0 1 0 0 64 0 55 39 216 238 144 115 12 48 206 48
69 0 0 20 0 1 0 0 64 0 167 161 89 132 182 230 74 240 119 237
69 0 0 20 0 1 0 0 64 0 98 8 210 156 199 219 155 176 226 184
69 0 0 20 0 1 0 0 64 0 173 242 51 131 83 187 210 184 115 0
69 0 0 20 0 1 0 0 64 0 151 244 201 170 28 150 91 50 161 130
69 0 0 20 0 1 0 0 64 0 236 98 129 63 250 104 157 9 117 213
69 0 0 20 0 1 0 0 64 0 72 83 103 47 151 229 50 75 1 55
69 0 0 20 0 1 0 0 64 0 170 122 93 168 230 207 81 185 58 62
69 0 0 20 0 1 0 0 64 0 84 46 97 184 142 125 140 178 169 211
69 0 0 20 0 1 0 0 64 0 151 244 201 170 28 150 91 50 161 130
69 0 0 20 0 1 0 0 64 0 225 173 117 41 96 218 139 22 56 34
69 0 0 20 0 1 0 0 64 0 192 210 55 234 147 233 144 22 94 45
69 0 0 20 0 1 0 0 64 0 55 39 216 238 144 115 12 48 206 48
69 0 0 20 0 1 0 0 64 0 9 128 164 27 148 161 32 30 24 143
69 0 0 20 0 1 0 0 64 0 225 173 117 41 96 218 139 22 56 34
69 0 0 20 0 1 0 0 64 0 250 244 171 248 46 227 27 2 138 23
69 0 0 20 0 1 0 0 64 0 37 132 104 158 82 210 94 7 59 238
69 0 0 20 0 1 0 0 64 0 55 39 216 238 144 115 12 48 206 48
69 0 0 20 0 1 0 0 64 0 37 132 104 158 82 210 94 7 59 238
69 0 0 20 0 1 0 0 64 0 193 28 174 167 157 238 69 123 39 188
69 0 0 20 0 1 0 0 64 0 182 198 210 163 163 85 210 164 123 133
69 0 0 20 0 1 0 0 64 0 156 101 69 39 127 241 113 37 168 70
69 0 0 20 0 1 0 0 64 0 192 210 55 234 147 233 144 22 94 45
69 0 0 20 0 1 0 0 64 0 205 25 59 217 141 21 43 171 185 54
69 0 0 20 0 1 0 0 64 0 158 205 207 218 22 250 183 150 61 177
69 0 0 20 0 1 0 0 64 0 119 85 35 207 89 201 150 130 239 121
69 0 0 20 0 1 0 0 64 0 192 210 55 234 147 233 144 22 94 45
69 0 0 20 0 1 0 0 64 0 162 105 26 82 33 229 14 152 141 177
69 0 0 20 0 1 0 0 64 0 37 132 104 158 82 210 94 7 59 238
69 0 0 20 0 1 0 0 64 0 192 210 55 234 147 233 144 22 94 45
69 0 0 20 0 1 0 0 64 0 162 105 26 82 33 229 14 152 141 177
69 0 0 20 0 1 0 0 64 0 239 9 180 75 2 101 86 203 126 100
69 0 0 20 0 1 0 0 64 0 246 228 42 175 83 33 45 0 217 52
69 0 0 20 0 1 0 0 64 0 162 105 26 82 33 229 14 152 141 177
69 0 0 20 0 1 0 0 64 0 66 55 10 130 191 143 39 22 71 139
69 0 0 20 0 1 0 0 64 0 90 75 158 26 221 2 77 17 88 112
69 0 0 20 0 1 0 0 64 0 55 39 216 238 144 115 12 48 206 48
69 0 0 20 0 1 0 0 64 0 151 244 201 170 28 150 91 50 161 130
69 0 0 20 0 1 0 0 64 0 238 235 120 162 164 5 60 115 50 227
69 0 0 20 0 1 0 0 64 0 121 132 56 98 223 70 13 155 220 33
69 0 0 20 0 1 0 0 64 0 162 105 26 82 33 229 14 152 141 177
69 0 0 20 0 1 0 0 64 0 162 105 26 82 33 229 14 152 141 177
69 0 0 20 0 1 0 0 64 0 151 244 201 170 28 150 91 50 161 130
69 0 0 20 0 1 0 0 64 0 252 16 20 15 127 247 72 8 162 202
69 0 0 20 0 1 0 0 64 0 51 132 113 127 150 68 29 131 34 31
69 0 0 20 0 1 0 0 64 0 16 44 152 11 246 81 197 46 23 50
69 0 0 20 0 1 0 0 64 0 58 220 200 169 3 140 188 78 183 137
69 0 0 20 0 1 0 0 64 0 56 217 148 82 253 226 7 161 168 58
69 0 0 20 0 1 0 0 64 0 171 254 151 117 4 201 166 172 140 0
69 0 0 20 0 1 0 0 64 0 223 235 91 116 153 81 64 206 101 106
69 0 0 20 0 1 0 0 64 0 222 55 190 91 35 181 144 145 42 16
69 0 0 20 0 1 0 0 64 0 32 128 13 183 89 158 52 8 191 12
69 0 0 20 0 1 0 0 64 0 162 105 26 82 33 229 14 152 141 177
69 0 0 20 0 1 0 0 64 0 55 39 216 238 144 115 12 48 206 48
69 0 0 20 0 1 0 0 64 0 98 8 210 156 199 219 155 176 226 184
69 0 0 20 0 1 0 0 64 0 248 197 100 194 100 99 79 125 105 129
69 0 0 20 0 1 0 0 64 0 222 76 32 15 149 130 28 23 202 244
69 0 0 20 0 1 0 0 64 0 55 39 216 238 144 115 12 48 206 48
69 0 0 20 0 1 0 0 64 0 40 183 108 212 78 243 80 172 69 191
69 0 0 20 0 1 0 0 64 0 55 39 216 238 144 115 12 48 206 48
69 0 0 20 0 1 0 0 64 0 32 128 13 183 89 158 52 8 191 12
69 0 0 20 0 1 0 0 64 0 135 143 62 244 147 65 17 93 15 200
69 0 0 20 0 1 0 0 64 0 98 8 210 156 199 219 155 176 226 184
69 0 0 20 0 1 0 0 64 0 192 193 134 76 35 54 20 139 252 26
69 0 0 20 0 1 0 0 64 0 55 39 216 238 144 115 12 48 206 48
69 0 0 20 0 1 0 0 64 0 102 179 201 87 237 136 53 102 39 240
69 0 0 20 0 1 0 0 64 0 63 221 202 238 143 15 168 251 56 19
69 0 0 20 0 1 0 0 64 0 55 39 216 238 144 115 12 48 206 48
69 0 0 20 0 1 0 0 64 0 162 105 26 82 33 229 14 152 141 177
69 0 0 20 0 1 0 0 64 0 151 244 201 170 28 150 91 50 161 130
69 0 0 20 0 1 0 0 64 0 55 39 216 238 144 115 12 48 206 48
69 0 0 20 0 1 0 0 64 0 74 203 146 218 157 156 87 158 168 9
69 0 0 20 0 1 0 0 64 0 192 210 55 234 147 233 144 22 94 45
69 0 0 20 0 1 0 0 64 0 86 224 41 0 93 72 4 116 153 77
69 0 0 20 0 1 0 0 64 0 150 155 130 71 241 228 209 60 158 229
69 0 0 20 0 1 0 0 64 0 204 212 201 100 84 230 112 147 31 55
69 0 0 20 0 1 0 0 64 0 60 134 71 14 240 11 174 107 88 222
69 0 0 20 0 1 0 0 64 0 192 210 55 234 147 233 144 22 94 45
69 0 0 20 0 1 0 0 64 0 8 36 132 130 35 71 69 181 133 71
69 0 0 20 0 1 0 0 64 0 50 2 102 163 252 157 155 58 74 108
69 0 0 20 0 1 0 0 64 0 34 183 143 48 47 95 160 78 249 84
69 0 0 20 0 1 0 0 64 0 50 29 78 20 156 116 44 179 49 145
69 0 0 20 0 1 0 0 64 0 55 39 216 238 144 115 12 48 206 48
69 0 0 20 0 1 0 0 64 0 2 233 59 224 151 91 117 79 47 118
69 0 0 20 0 1 0 0 64 0 150 180 139 150 7 99 168 152 168 163
69 0 0 20 0 1 0 0 64 0 24 51 198 216 84 85 169 234 157 158
69 0 0 20 0 1 0 0 64 0 118 250 92 14 91 204 87 197 244 79
69 0 0 20 0 1 0 0 64 0 46 108 168 223 225 250 212 207 236 211
69 0 0 20 0 1 0 0 64 0 32 128 13 183 89 158 52 8 191 12
69 0 0 20 0 1 0 0 64 0 192 210 55 234 147 233 144 22 94 45
69 0 0 20 0 1 0 0 64 0 225 173 117 41 96 218 139 22 56 34
69 0 0 20 0 1 0 0 64 0 192 210 55 234 147 233 144 22 94 45
69 0 0 20 0 1 0 0 64 0 242 253 197 212 179 218 93 101 176 215
69 0 0 20 0 1 0 0 64 0 29 131 193 10 177 34 131 251 103 62
69 0 0 20 0 1 0 0 64 0 194 74 223 46 225 175 42 24 205 168
69 0 0 20 0 1 0 0 64 0 98 8 210 156 199 219 155 176 226 184
69 0 0 20 0 1 0 0 64 0 28 216 38 40 65 59 197 144 49 30
69 0 0 20 0 1 0 0 64 0 81 178 19 216 161 104 17 50 98 197
69 0 0 20 0 1 0 0 64 0 11 38 211 63 174 46 194 86 43 255
69 0 0 20 0 1 0 0 64 0 182 193 48 123 192 99 216 228 250 100
69 0 0 20 0 1 0 0 64 0 225 173 117 41 96 218 139 22 56 34
69 0 0 20 0 1 0 0 64 0 48 231 125 61 16 184 188 130 255 138
69 0 0 20 0 1 0 0 64 0 37 132 104 158 82 210 94 7 59 238
69 0 0 20 0 1 0 0 64 0 55 39 216 238 144 115 12 48 206 48
69 0 0 20 0 1 0 0 64 0 39 31 118 110 78 71 65 48 77 229
69 0 0 20 0 1 0 0 64 0 151 244 201 170 28 150 91 50 161 130
69 0 0 20 0 1 0 0 64 0 106 183 197 13 149 187 111 234 69 127
69 0 0 20 0 1 0 0 64 0 61 114 111 6 181 58 12 206 12 105
69 0 0 20 0 1 0 0 64 0 98 8 210 156 199 219 155 176 226 184
69 0 0 20 0 1 0 0 64 0 55 39 216 238 144 115 12 48 206 48
69 0 0 20 0 1 0 0 64 0 60 23 41 6 233 63 209 110 91 30
69 0 0 20 0 1 0 0 64 0 182 19 22 12 235 125 105 149 89 183
69 0 0 20 0 1 0 0 64 0 130 211 49 112 210 79 9 34 235 52
69 0 0 20 0 1 0 0 64 0 37 132 104 158 82 210 94 7 59 238
69 0 0 20 0 1 0 0 64 0 225 173 117 41 96 218 139 22 56 34
69 0 0 20 0 1 0 0 64 0 55 39 216 238 144 115 12 48 206 48
69 0 0 20 0 1 0 0 64 0 192 210 55 234 147 233 144 22 94 45
69 0 0 20 0 1 0 0 64 0 95 185 191 168 41 123 191 71 114 197
69 0 0 20 0 1 0 0 64 0 98 8 210 156 199 219 155 176 226 184
69 0 0 20 0 1 0 0 64 0 147 212 79 190 28 127 99 96 23 120
69 0 0 20 0 1 0 0 64 0 192 210 55 234 147 233 144 22 94 45
69 0 0 20 0 1 0 0 64 0 192 210 55 234 147 233 144 22 94 45
69 0 0 20 0 1 0 0 64 0 110 148 120 231 16 2 175 244 211 119
69 0 0 20 0 1 0 0 64 0 167 6 158 69 197 82 190 211 177 119
69 0 0 20 0 1 0 0 64 0 76 152 170 98 8 198 113 72 9 225
69 0 0 20 0 1 0 0 64 0 167 216 55 137 209 100 74 185 127 106
69 0 0 20 0 1 0 0 64 0 222 138 192 68 115 202 36 152 67 184
69 0 0 20 0 1 0 0 64 0 37 132 104 158 82 210 94 7 59 238
69 0 0 20 0 1 0 0 64 0 44 120 59 186 138 116 67 152 68 171
69 0 0 20 0 1 0 0 64 0 151 244 201 170 28 150 91 50 161 130
69 0 0 20 0 1 0 0 64 0 225 173 117 41 96 218 139 22 56 34
69 0 0 20 0 1 0 0 64 0 151 244 201 170 28 150 91 50 161 130
69 0 0 20 0 1 0 0 64 0 95 25 88 248 7 8 98 80 89 128
69 0 0 20 0 1 0 0 64 0 151 244 201 170 28 150 91 50 161 130
69 0 0 20 0 1 0 0 64 0 37 132 104 158 82 210 94 7 59 238
69 0 0 20 0 1 0 0 64 0 225 173 117 41 96 218 139 22 56 34
69 0 0 20 0 1 0 0 64 0 7 15 175 228 227 232 215 18 8 251
69 0 0 20 0 1 0 0 64 0 55 39 216 238 144 115 12 48 206 48
69 0 0 20 0 1 0 0 64 0 176 198 165 241 244 123 60 195 242 242
69 0 0 20 0 1 0 0 64 0 151 244 201 170 28 150 91 50 161 130
69 0 0 20 0 1 0 0 64 0 192 210 55 234 147 233 144 22 94 45
69 0 0 20 0 1 0 0 64 0 244 106 160 196 188 199 4 169 36 74
69 0 0 20 0 1 0 0 64 0 187 133 68 61 3 253 79 93 39 205
69 0 0 20 0 1 0 0 64 0 206 124 144 255 249 87 222 91 67 186
69 0 0 20 0 1 0 0 64 0 192 210 55 234 147 233 144 22 94 45
69 0 0 20 0 1 0 0 64 0 117 255 99 100 121 20 139 93 157 20
69 0 0 20 0 1 0 0 64 0 32 128 13 183 89 158 52 8 191 12
69 0 0 20 0 1 0 0 64 0 37 132 104 158 82 210 94 7 59 238
69 0 0 20 0 1 0 0 64 0 192 210 55 234 147 233 144 22 94 45
69 0 0 20 0 1 0 0 64 0 225 173 117 41 96 218 139 22 56 34
69 0 0 20 0 1 0 0 64 0 193 115 168 249 147 27 60 71 65 26
69 0 0 20 0 1 0 0 64 0 192 210 55 234 147 233 144 22 94 45
69 0 0 20 0 1 0 0 64 0 163 35 197 30 46 79 206 121 21 223
69 0 0 20 0 1 0 0 64 0 192 210 55 234 147 233 144 22 94 45
69 0 0 20 0 1 0 0 64 0 162 105 26 82 33 229 14 152 141 177
69 0 0 20 0 1 0 0 64 0 30 155 181 107 73 247 212 84 136 151
69 0 0 20 0 1 0 0 64 0 42 68 110 250 26 84 111 165 87 178
69 0 0 20 0 1 0 0 64 0 55 39 216 238 144 115 12 48 206 48
69 0 0 20 0 1 0 0 64 0 98 8 210 156 199 219 155 176 226 184
69 0 0 20 0 1 0 0 64 0 184 240 151 150 19 53 23 89 255 212
69 0 0 20 0 1 0 0 64 0 133 39 55 160 126 170 128 48 191 71
69 0 0 20 0 1 0 0 64 0 202 63 192 30 146 120 13 191 80 84
69 0 0 20 0 1 0 0 64 0 32 128 13 183 89 158 52 8 191 12
69 0 0 20 0 1 0 0 64 0 235 132 1 103 235 4 183 11 235 237
69 0 0 20 0 1 0 0 64 0 37 132 104 158 82 210 94 7 59 238
69 0 0 20 0 1 0 0 64 0 192 210 55 234 147 233 144 22 94 45
69 0 0 20 0 1 0 0 64 0 115 198 190 240 255 254 120 222 207 85
69 0 0 20 0 1 0 0 64 0 210 82 129 133 193 244 181 183 175 101
69 0 0 20 0 1 0 0 64 0 88 9 46 179 73 137 189 67 237 96
69 0 0 20 0 1 0 0 64 0 192 210 55 234 147 233 144 22 94 45
69 0 0 20 0 1 0 0 64 0 184 23 16 56 80 254 211 167 141 244
69 0 0 20 0 1 0 0 64 0 37 132 104 158 82 210 94 7 59 238
69 0 0 20 0 1 0 0 64 0 98 8 210 156 199 219 155 176 226 184
69 0 0 20 0 1 0 0 64 0 4 156 114 68 130 149 160 203 224 168
69 0 0 20 0 1 0 0 64 0 37 132 104 158 82 210 94 7 59 238
69 0 0 20 0 1 0 0 64 0 211 218 204 176 22 229 82 216 112 161
69 0 0 20 0 1 0 0 64 0 55 39 216 238 144 115 12 48 206 48
69 0 0 20 0 1 0 0 64 0 59 105 193 220 72 215 135 214 172 246
69 0 0 20 0 1 0 0 64 0 55 161 92 15 106 27 147 30 233 255
69 0 0 20 0 1 0 0 64 0 248 105 166 134 109 68 218 240 147 196
69 0 0 20 0 1 0 0 64 0 225 173 117 41 96 218 139 22 56 34
69 0 0 20 0 1 0 0 64 0 192 95 76 199 254 52 13 212 97 186
69 0 0 20 0 1 0 0 64 0 8 122 106 57 33 161 160 59 70 90
69 0 0 20 0 1 0 0 64 0 192 210 55 234 147 233 144 22 94 45
69 0 0 20 0 1 0 0 64 0 98 8 210 156 199 219 155 176 226 184
69 0 0 20 0 1 0 0 64 0 151 244 201 170 28 150 91 50 161 130
69 0 0 20 0 1 0 0 64 0 192 210 55 234 147 233 144 22 94 45
69 0 0 20 0 1 0 0 64 0 225 173 117 41 96 218 139 22 56 34
69 0 0 20 0 1 0 0 64 0 162 105 26 82 33 229 14 152 141 177
69 0 0 20 0 1 0 0 64 0 112 131 7 212 98 201 84 102 75 99
69 0 0 20 0 1 0 0 64 0 37 132 104 158 82 210 94 7 59 238
69 0 0 20 0 1 0 0 64 0 37 132 104 158 82 210 94 7 59 238
69 0 0 20 0 1 0 0 64 0 151 149 184 105 134 247 174 190 245 52
69 0 0 20 0 1 0 0 64 0 55 39 216 238 144 115 12 48 206 48
69 0 0 20 0 1 0 0 64 0 6 199 117 29 203 52 203 180 104 28
69 0 0 20 0 1 0 0 64 0 171 9 86 101 190 41 7 105 179 232
69 0 0 20 0 1 0 0 64 0 83 144 39 192 75 34 216 250 219 124
69 0 0 20 0 1 0 0 64 0 191 184 33 70 157 94 204 6 48 134
69 0 0 20 0 1 0 0 64 0 57 62 194 134 93 203 187 152 101 193
69 0 0 20 0 1 0 0 64 0 225 173 117 41 96 218 139 22 56 34
69 0 0 20 0 1 0 0 64 0 225 173 117 41 96 218 139 22 56 34
69 0 0 20 0 1 0 0 64 0 30 157 88 11 130 122 135 58 250 140
69 0 0 20 0 1 0 0 64 0 94 18 54 243 140 243 164 162 180 78
69 0 0 20 0 1 0 0 64 0 8 13 59 178 187 25 37 228 86 45
69 0 0 20 0 1 0 0 64 0 254 186 85 237 70 190 49 209 173 178
69 0 0 20 0 1 0 0 64 0 130 62 158 1 71 129 184 87 90 209
69 0 0 20 0 1 0 0 64 0 98 8 210 156 199 219 155 176 226 184
69 0 0 20 0 1 0 0 64 0 188 86 66 157 75 147 149 135 154 219
69 0 0 20 0 1 0 0 64 0 37 132 104 158 82 210 94 7 59 238
69 0 0 20 0 1 0 0 64 0 140 35 37 128 197 74 177 142 82 109
69 0 0 20 0 1 0 0 64 0 183 237 76 245 112 29 42 78 219 155
69 0 0 20 0 1 0 0 64 0 192 210 55 234 147 233 144 22 94 45
69 0 0 20 0 1 0 0 64 0 234 138 104 45 1 248 154 173 139 140
69 0 0 20 0 1 0 0 64 0 192 210 55 234 147 233 144 22 94 45
69 0 0 20 0 1 0 0 64 0 41 203 133 21 135 164 52 23 16 78
69 0 0 20 0 1 0 0 64 0 55 39 216 238 144 115 12 48 206 48
69 0 0 20 0 1 0 0 64 0 79 211 10 9 194 64 222 130 128 74
69 0 0 20 0 1 0 0 64 0 112 95 56 197 48 0 190 212 226 240
69 0 0 20 0 1 0 0 64 0 55 39 216 238 144 115 12 48 206 48
69 0 0 20 0 1 0 0 64 0 225 173 117 41 96 218 139 22 56 34
69 0 0 20 0 1 0 0 64 0 225 173 117 41 96 218 139 22 56 34
69 0 0 20 0 1 0 0 64 0 13 156 207 152 96 52 186 147 130 237
69 0 0 20 0 1 0 0 64 0 98 8 210 156 199 219 155 176 226 184
69 0 0 20 0 1 0 0 64 0 212 54 206 65 85 76 52 98 78 195
69 0 0 20 0 1 0 0 64 0 162 105 26 82 33 229 14 152 141 177
69 0 0 20 0 1 0 0 64 0 98 8 210 156 199 219 155 176 226 184
69 0 0 20 0 1 0 0 64 0 77 95 150 143 26 164 180 21 200 65
69 0 0 20 0 1 0 0 64 0 119 61 85 212 180 233 93 141 155 97
69 0 0 20 0 1 0 0 64 0 197 25 162 52 121 205 174 190 235 15
69 0 0 20 0 1 0 0 64 0 255 82 167 94 195 140 40 216 231 211
69 0 0 20 0 1 0 0 64 0 55 39 216 238 144 115 12 48 206 48
69 0 0 20 0 1 0 0 64 0 54 42 63 97 23 142 4 61 233 147
69 0 0 20 0 1 0 0 64 0 37 132 104 158 82 210 94 7 59 238
69 0 0 20 0 1 0 0 64 0 55 39 216 238 144 115 12 48 206 48
69 0 0 20 0 1 0 0 64 0 37 132 104 158 82 210 94 7 59 238
69 0 0 20 0 1 0 0 64 0 58 224 129 180 1 134 26 70 162 137
69 0 0 20 0 1 0 0 64 0 205 210 21 22 105 180 174 131 127 201
69 0 0 20 0 1 0 0 64 0 16 76 203 129 63 129 104 225 246 185
69 0 0 20 0 1 0 0 64 0 124 91 68 250 77 163 43 115 64 126
69 0 0 20 0 1 0 0 64 0 235 25 131 229 239 184 136 198 147 107
69 0 0 20 0 1 0 0 64 0 181 20 203 248 2 63 143 253 103 160
69 0 0 20 0 1 0 0 64 0 55 39 216 238 144 115 12 48 206 48
69 0 0 20 0 1 0 0 64 0 225 173 117 41 96 218 139 22 56 34
69 0 0 20 0 1 0 0 64 0 225 173 117 41 96 218 139 22 56 34
69 0 0 20 0 1 0 0 64 0 71 133 82 231 188 228 148 92 143 60
69 0 0 20 0 1 0 0 64 0 32 148 5 208 15 165 91 62 233 162
69 0 0 20 0 1 0 0 64 0 55 39 216 238 144 115 12 48 206 48
69 0 0 20 0 1 0 0 64 0 225 173 117 41 96 218 139 22 56 34
69 0 0 20 0 1 0 0 64 0 13 110 62 130 118 75 164 107 20 67
69 0 0 20 0 1 0 0 64 0 193 165 28 22 96 58 175 57 141 186
69 0 0 20 0 1 0 0 64 0 55 39 216 238 144 115 12 48 206 48
69 0 0 20 0 1 0 0 64 0 225 173 117 41 96 218 139 22 56 34
69 0 0 20 0 1 0 0 64 0 179 125 98 131 20 188 198 229 137 71
69 0 0 20 0 1 0 0 64 0 103 165 107 143 146 30 217 236 59 170
69 0 0 20 0 1 0 0 64 0 162 105 26 82 33 229 14 152 141 177
69 0 0 20 0 1 0 0 64 0 151 244 201 170 28 150 91 50 161 130
69 0 0 20 0 1 0 0 64 0 225 173 117 41 96 218 139 22 56 34
69 0 0 20 0 1 0 0 64 0 4 12 214 30 41 169 67 105 51 173
69 0 0 20 0 1 0 0 64 0 55 39 216 238 144 115 12 48 206 48
69 0 0 20 0 1 0 0 64 0 192 210 55 234 147 233 144 22 94 45
69 0 0 20 0 1 0 0 64 0 98 8 210 156 199 219 155 176 226 184
69 0 0 20 0 1 0 0 64 0 55 39 216 238 144 115 12 48 206 48
69 0 0 20 0 1 0 0 64 0 162 105 26 82 33 229 14 152 141 177
69 0 0 20 0 1 0 0 64 0 228 201 115 66 241 98 96 192 208 186
69 0 0 20 0 1 0 0 64 0 178 175 33 79 48 164 145 230 228 96
69 0 0 20 0 1 0 0 64 0 66 240 157 101 65 36 106 105 239 6
69 0 0 20 0 1 0 0 64 0 98 8 210 156 199 219 155 176 226 184
69 0 0 20 0 1 0 0 64 0 49 96 93 113 18 175 201 232 15 129
69 0 0 20 0 1 0 0 64 0 192 210 55 234 147 233 144 22 94 45
69 0 0 20 0 1 0 0 64 0 86 210 47 8 104 74 219 174 177 22
69 0 0 20 0 1 0 0 64 0 32 128 13 183 89 158 52 8 191 12
69 0 0 20 0 1 0 0 64 0 196 3 78 225 36 253 197 197 125 66
69 0 0 20 0 1 0 0 64 0 98 8 210 156 199 219 155 176 226 184
69 0 0 20 0 1 0 0 64 0 208 32 188 172 14 37 167 125 56 122
69 0 0 20 0 1 0 0 64 0 98 8 210 156 199 219 155 176 226 184
69 0 0 20 0 1 0 0 64 0 192 210 55 234 147 233 144 22 94 45
69 0 0 20 0 1 0 0 64 0 32 128 13 183 89 158 52 8 191 12
69 0 0 20 0 1 0 0 64 0 151 244 201 170 28 150 91 50 161 130
69 0 0 20 0 1 0 0 64 0 225 173 117 41 96 218 139 22 56 34
69 0 0 20 0 1 0 0 64 0 132 29 195 55 149 191 2 90 155 123
69 0 0 20 0 1 0 0 64 0 192 210 55 234 147 233 144 22 94 45
69 0 0 20 0 1 0 0 64 0 63 202 75 222 92 188 22 79 124 54
69 0 0 20 0 1 0 0 64 0 55 39 216 238 144 115 12 48 206 48
69 0 0 20 0 1 0 0 64 0 230 228 132 248 30 201 139 127 100 196
69 0 0 20 0 1 0 0 64 0 8 131 118 128 53 237 92 121 105 128
69 0 0 20 0 1 0 0 64 0 244 124 143 53 122 86 47 95 77 130
69 0 0 20 0 1 0 0 64 0 109 86 111 99 190 9 109 254 114 40
69 0 0 20 0 1 0 0 64 0 32 128 13 183 89 158 52 8 191 12
69 0 0 20 0 1 0 0 64 0 61 146 156 207 17 240 191 29 207 122
69 0 0 20 0 1 0 0 64 0 151 244 201 170 28 150 91 50 161 130
69 0 0 20 0 1 0 0 64 0 151 244 201 170 28 150 91 50 161 130
69 0 0 20 0 1 0 0 64 0 65 21 187 176 197 171 55 255 128 121
69 0 0 20 0 1 0 0 64 0 125 158 4 142 200 247 3 157 44 41
69 0 0 20 0 1 0 0 64 0 192 210 55 234 147 233 144 22 94 45
69 0 0 20 0 1 0 0 64 0 32 128 13 183 89 158 52 8 191 12
69 0 0 20 0 1 0 0 64 0 185 52 216 72 129 140 138 1 221 222
69 0 0 20 0 1 0 0 64 0 151 244 201 170 28 150 91 50 161 130
69 0 0 20 0 1 0 0 64 0 32 128 13 183 89 158 52 8 191 12
69 0 0 20 0 1 0 0 64 0 162 105 26 82 33 229 14 152 141 177
69 0 0 20 0 1 0 0 64 0 95 236 155 147 174 46 66 149 142 166
69 0 0 20 0 1 0 0 64 0 55 39 216 238 144 115 12 48 206 48
69 0 0 20 0 1 0 0 64 0 90 77 200 1 78 12 197 248 68 150
69 0 0 20 0 1 0 0 64 0 98 8 210 156 199 219 155 176 226 184
69 0 0 20 0 1 0 0 64 0 32 128 13 183 89 158 52 8 191 12
69 0 0 20 0 1 0 0 64 0 32 128 13 183 89 158 52 8 191 12
69 0 0 20 0 1 0 0 64 0 11 29 36 136 97 226 84 138 148 216
69 0 0 20 0 1 0 0 64 0 98 8 210 156 199 219 155 176 226 184
69 0 0 20 0 1 0 0 64 0 151 244 201 170 28 150 91 50 161 130
69 0 0 20 0 1 0 0 64 0 192 210 55 234 147 233 144 22 94 45
69 0 0 20 0 1 0 0 64 0 225 173 117 41 96 218 139 22 56 34
69 0 0 20 0 1 0 0 64 0 129 62 92 89 91 106 128 29 193 202
69 0 0 20 0 1 0 0 64 0 225 173 117 41 96 218 139 22 56 34
69 0 0 20 0 1 0 0 64 0 199 32 165 205 178 48 25 214 65 245
69 0 0 20 0 1 0 0 64 0 175 207 156 48 158 131 132 183 11 175
69 0 0 20 0 1 0 0 64 0 161 100 126 251 20 89 14 64 55 241
69 0 0 20 0 1 0 0 64 0 162 105 26 82 33 229 14 152 141 177
69 0 0 20 0 1 0 0 64 0 32 128 13 183 89 158 52 8 191 12
69 0 0 20 0 1 0 0 64 0 32 128 13 183 89 158 52 8 191 12
69 0 0 20 0 1 0 0 64 0 98 8 210 156 199 219 155 176 226 184
69 0 0 20 0 1 0 0 64 0 192 210 55 234 147 233 144 22 94 45
69 0 0 20 0 1 0 0 64 0 98 8 210 156 199 219 155 176 226 184
69 0 0 20 0 1 0 0 64 0 161 132 11 250 252 108 157 219 51 35
69 0 0 20 0 1 0 0 64 0 32 128 13 183 89 158 52 8 191 12
69 0 0 20 0 1 0 0 64 0 210 201 94 140 174 183 104 221 49 255
69 0 0 20 0 1 0 0 64 0 121 121 141 220 47 73 195 234 128 96
69 0 0 20 0 1 0 0 64 0 37 132 104 158 82 210 94 7 59 238
69 0 0 20 0 1 0 0 64 0 37 132 104 158 82 210 94 7 59 238
69 0 0 20 0 1 0 0 64 0 63 84 179 253 8 196 99 144 27 68
69 0 0 20 0 1 0 0 64 0 192 210 55 234 147 233 144 22 94 45
69 0 0 20 0 1 0 0 64 0 251 115 198 195 206 215 156 123 77 95
69 0 0 20 0 1 0 0 64 0 248 236 56 25 73 144 26 115 229 224
69 0 0 20 0 1 0 0 64 0 89 90 100 162 247 55 158 10 39 171
69 0 0 20 0 1 0 0 64 0 198 183 154 209 100 11 18 6 163 79
69 0 0 20 0 1 0 0 64 0 94 245 36 193 140 216 45 185 60 162
69 0 0 20 0 1 0 0 64 0 146 3 13 169 120 247 213 171 140 154
69 0 0 20 0 1 0 0 64 0 104 96 171 4 215 49 198 218 201 120
69 0 0 20 0 1 0 0 64 0 98 8 210 156 199 219 155 176 226 184
69 0 0 20 0 1 0 0 64 0 235 198 134 220 168 212 131 226 219 143
69 0 0 20 0 1 0 0 64 0 4 16 113 221 209 121 193 213 113 173
69 0 0 20 0 1 0 0 64 0 98 8 210 156 199 219 155 176 226 184
69 0 0 20 0 1 0 0 64 0 37 132 104 158 82 210 94 7 59 238
69 0 0 20 0 1 0 0 64 0 225 173 117 41 96 218 139 22 56 34
69 0 0 20 0 1 0 0 64 0 55 39 216 238 144 115 12 48 206 48
69 0 0 20 0 1 0 0 64 0 50 47 162 87 31 61 28 25 107 13
69 0 0 20 0 1 0 0 64 0 40 215 114 137 0 206 100 15 122 172
69 0 0 20 0 1 0 0 64 0 86 161 192 125 8 9 168 149 179 44
69 0 0 20 0 1 0 0 64 0 106 45 18 138 28 71 68 77 157 158
69 0 0 20 0 1 0 0 64 0 204 187 83 9 228 67 95 252 22 229
69 0 0 20 0 1 0 0 64 0 32 128 13 183 89 158 52 8 191 12
69 0 0 20 0 1 0 0 64 0 225 173 117 41 96 218 139 22 56 34
69 0 0 20 0 1 0 0 64 0 37 132 104 158 82 210 94 7 59 238
69 0 0 20 0 1 0 0 64 0 228 97 196 16 117 155 186 34 162 185
69 0 0 20 0 1 0 0 64 0 151 244 201 170 28 150 91 50 161 130
69 0 0 20 0 1 0 0 64 0 118 11 197 156 155 207 88 195 74 175
69 0 0 20 0 1 0 0 64 0 164 14 159 213 35 211 160 94 114 212
69 0 0 20 0 1 0 0 64 0 55 39 216 238 144 115 12 48 206 48
69 0 0 20 0 1 0 0 64 0 225 173 117 41 96 218 139 22 56 34
69 0 0 20 0 1 0 0 64 0 233 191 191 119 79 130 76 42 54 6
69 0 0 20 0 1 0 0 64 0 171 98 151 47 1 164 113 91 197 88
69 0 0 20 0 1 0 0 64 0 1 170 37 91 103 125 124 92 112 11
69 0 0 20 0 1 0 0 64 0 70 251 134 131 30 177 185 65 213 120
69 0 0 20 0 1 0 0 64 0 83 150 201 124 202 252 171 106 231 111
69 0 0 20 0 1 0 0 64 0 32 128 13 183 89 158 52 8 191 12
69 0 0 20 0 1 0 0 64 0 35 65 80 20 153 40 137 205 228 158
69 0 0 20 0 1 0 0 64 0 162 105 26 82 33 229 14 152 141 177
69 0 0 20 0 1 0 0 64 0 93 232 158 20 115 242 89 76 177 174
69 0 0 20 0 1 0 0 64 0 98 8 210 156 199 219 155 176 226 184
69 0 0 20 0 1 0 0 64 0 206 107 7 173 22 80 85 11 57 118
69 0 0 20 0 1 0 0 64 0 49 224 142 92 120 74 60 203 5 152
69 0 0 20 0 1 0 0 64 0 225 173 117 41 96 218 139 22 56 34
69 0 0 20 0 1 0 0 64 0 234 196 129 50 13 106 35 11 222 125
69 0 0 20 0 1 0 0 64 0 219 30 172 165 201 180 203 175 93 193
69 0 0 20 0 1 0 0 64 0 63 238 47 131 58 66 189 178 19 132
69 0 0 20 0 1 0 0 64 0 162 105 26 82 33 229 14 152 141 177
69 0 0 20 0 1 0 0 64 0 37 132 104 158 82 210 94 7 59 238
69 0 0 20 0 1 0 0 64 0 123 177 47 4 30 215 69 19 108 74
69 0 0 20 0 1 0 0 64 0 98 8 210 156 199 219 155 176 226 184
69 0 0 20 0 1 0 0 64 0 192 210 55 234 147 233 144 22 94 45
69 0 0 20 0 1 0 0 64 0 55 39 216 238 144 115 12 48 206 48
69 0 0 20 0 1 0 0 64 0 225 173 117 41 96 218 139 22 56 34
69 0 0 20 0 1 0 0 64 0 32 128 13 183 89 158 52 8 191 12
69 0 0 20 0 1 0 0 64 0 225 173 117 41 96 218 139 22 56 34
69 0 0 20 0 1 0 0 64 0 142 253 29 18 203 90 31 214 227 169
69 0 0 20 0 1 0 0 64 0 151 244 201 170 28 150 91 50 161 130
69 0 0 20 0 1 0 0 64 0 151 244 201 170 28 150 91 50 161 130
69 0 0 20 0 1 0 0 64 0 44 218 5 129 88 135 141 226 98 37
69 0 0 20 0 1 0 0 64 0 32 128 13 183 89 158 52 8 191 12
69 0 0 20 0 1 0 0 64 0 192 210 55 234 147 233 144 22 94 45
69 0 0 20 0 1 0 0 64 0 55 39 216 238 144 115 12 48 206 48
69 0 0 20 0 1 0 0 64 0 206 146 81 217 11 241 211 107 123 33
69 0 0 20 0 1 0 0 64 0 162 105 26 82 33 229 14 152 141 177
69 0 0 20 0 1 0 0 64 0 225 173 117 41 96 218 139 22 56 34
69 0 0 20 0 1 0 0 64 0 98 8 210 156 199 219 155 176 226 184
69 0 0 20 0 1 0 0 64 0 151 244 201 170 28 150 91 50 161 130
69 0 0 20 0 1 0 0 64 0 151 244 201 170 28 150 91 50 161 130
69 0 0 20 0 1 0 0 64 0 170 24 204 208 225 179 178 247 111 85
69 0 0 20 0 1 0 0 64 0 25 227 34 36 137 55 12 253 168 174
69 0 0 20 0 1 0 0 64 0 55 39 216 238 144 115 12 48 206 48
69 0 0 20 0 1 0 0 64 0 81 237 89 102 108 175 68 58 30 173
69 0 0 20 0 1 0 0 64 0 94 73 2 139 228 79 153 155 156 42
69 0 0 20 0 1 0 0 64 0 197 190 158 202 232 252 133 114 167 241
69 0 0 20 0 1 0 0 64 0 113 99 79 133 244 166 134 156 62 190
69 0 0 20 0 1 0 0 64 0 48 200 165 125 116 153 223 199 80 67
69 0 0 20 0 1 0 0 64 0 163 2 47 212 50 182 81 166 35 183
69 0 0 20 0 1 0 0 64 0 32 128 13 183 89 158 52 8 191 12
69 0 0 20 0 1 0 0 64 0 34 134 148 101 227 159 164 104 59 246
69 0 0 20 0 1 0 0 64 0 37 132 104 158 82 210 94 7 59 238
69 0 0 20 0 1 0 0 64 0 131 33 125 206 127 152 154 179 95 174
69 0 0 20 0 1 0 0 64 0 11 17 7 153 109 95 33 200 217 24
69 0 0 20 0 1 0 0 64 0 192 210 55 234 147 233 144 22 94 45
69 0 0 20 0 1 0 0 64 0 231 208 95 179 6 27 68 133 232 197
69 0 0 20 0 1 0 0 64 0 55 39 216 238 144 115 12 48 206 48
69 0 0 20 0 1 0 0 64 0 144 108 40 122 150 124 79 182 219 208
69 0 0 20 0 1 0 0 64 0 32 128 13 183 89 158 52 8 191 12
69 0 0 20 0 1 0 0 64 0 37 132 104 158 82 210 94 7 59 238
69 0 0 20 0 1 0 0 64 0 151 244 201 170 28 150 91 50 161 130
69 0 0 20 0 1 0 0 64 0 155 32 95 190 134 247 75 8 174 11
69 0 0 20 0 1 0 0 64 0 225 138 98 179 83 173 113 158 113 96
69 0 0 20 0 1 0 0 64 0 225 173 117 41 96 218 139 22 56 34
69 0 0 20 0 1 0 0 64 0 23 70 168 150 215 200 99 59 128 9
69 0 0 20 0 1 0 0 64 0 192 210 55 234 147 233 144 22 94 45
69 0 0 20 0 1 0 0 64 0 206 51 82 218 21 1 19 121 49 98
69 0 0 20 0 1 0 0 64 0 98 8 210 156 199 219 155 176 226 184
69 0 0 20 0 1 0 0 64 0 32 128 13 183 89 158 52 8 191 12
69 0 0 20 0 1 0 0 64 0 91 91 35 216 92 207 46 231 112 0
69 0 0 20 0 1 0 0 64 0 61 214 24 178 149 200 183 239 214 169
69 0 0 20 0 1 0 0 64 0 37 132 104 158 82 210 94 7 59 238
69 0 0 20 0 1 0 0 64 0 237 67 51 19 59 106 86 23 201 17
69 0 0 20 0 1 0 0 64 0 225 173 117 41 96 218 139 22 56 34
69 0 0 20 0 1 0 0 64 0 32 249 59 61 30 189 148 3 107 243
69 0 0 20 0 1 0 0 64 0 162 105 26 82 33 229 14 152 141 177
69 0 0 20 0 1 0 0 64 0 71 249 72 115 80 26 16 26 138 73
69 0 0 20 0 1 0 0 64 0 169 32 140 87 240 52 83 95 1 222
69 0 0 20 0 1 0 0 64 0 32 128 13 183 89 158 52 8 191 12
69 0 0 20 0 1 0 0 64 0 83 57 85 147 83 217 11 162 114 162
69 0 0 20 0 1 0 0 64 0 5 133 41 237 162 229 159 4 9 142
69 0 0 20 0 1 0 0 64 0 175 118 120 92 35 77 110 239 192 218
69 0 0 20 0 1 0 0 64 0 98 8 210 156 199 219 155 176 226 184
69 0 0 20 0 1 0 0 64 0 224 63 26 53 178 170 50 83 155 119
69 0 0 20 0 1 0 0 64 0 151 244 201 170 28 150 91 50 161 130
69 0 0 20 0 1 0 0 64 0 194 13 97 48 188 5 151 142 4 24
69 0 0 20 0 1 0 0 64 0 138 8 133 232 77 59 57 123 228 66
69 0 0 20 0 1 0 0 64 0 32 128 13 183 89 158 52 8 191 12
69 0 0 20 0 1 0 0 64 0 162 105 26 82 33 229 14 152 141 177
69 0 0 20 0 1 0 0 64 0 241 236 132 228 191 177 71 235 252 123
69 0 0 20 0 1 0 0 64 0 248 80 83 24 169 56 69 90 64 238
69 0 0 20 0 1 0 0 64 0 37 132 104 158 82 210 94 7 59 238
69 0 0 20 0 1 0 0 64 0 98 8 210 156 199 219 155 176 226 184
69 0 0 20 0 1 0 0 64 0 61 95 40 153 57 71 117 34 102 136
69 0 0 20 0 1 0 0 64 0 116 5 58 99 233 235 119 233 106 172
69 0 0 20 0 1 0 0 64 0 101 151 93 181 155 85 198 15 86 56
69 0 0 20 0 1 0 0 64 0 55 39 216 238 144 115 12 48 206 48
69 0 0 20 0 1 0 0 64 0 225 173 117 41 96 218 139 22 56 34
69 0 0 20 0 1 0 0 64 0 162 105 26 82 33 229 14 152 141 177
69 0 0 20 0 1 0 0 64 0 8 182 137 73 208 201 188 162 91 126
69 0 0 20 0 1 0 0 64 0 98 8 210 156 199 219 155 176 226 184
69 0 0 20 0 1 0 0 64 0 151 244 201 170 28 150 91 50 161 130
69 0 0 20 0 1 0 0 64 0 194 160 129 226 246 229 120 199 198 185
69 0 0 20 0 1 0 0 64 0 226 66 10 39 103 12 83 36 212 79
69 0 0 20 0 1 0 0 64 0 55 39 216 238 144 115 12 48 206 48
69 0 0 20 0 1 0 0 64 0 98 8 210 156 199 219 155 176 226 184
69 0 0 20 0 1 0 0 64 0 244 156 89 92 186 186 139 92 230 217
69 0 0 20 0 1 0 0 64 0 93 181 181 229 91 150 58 205 208 235
69 0 0 20 0 1 0 0 64 0 55 39 216 238 144 115 12 48 206 48
69 0 0 20 0 1 0 0 64 0 225 173 117 41 96 218 139 22 56 34
69 0 0 20 0 1 0 0 64 0 172 74 26 134 100 229 178 38 157 13
69 0 0 20 0 1 0 0 64 0 57 198 115 209 167 16 89 118 204 203
69 0 0 20 0 1 0 0 64 0 98 8 210 156 199 219 155 176 226 184
69 0 0 20 0 1 0 0 64 0 22 240 180 55 174 254 10 161 246 34
69 0 0 20 0 1 0 0 64 0 206 24 186 152 132 164 134 180 230 223
69 0 0 20 0 1 0 0 64 0 162 105 26 82 33 229 14 152 141 177
69 0 0 20 0 1 0 0 64 0 183 134 129 88 219 36 17 249 84 237
69 0 0 20 0 1 0 0 64 0 162 105 26 82 33 229 14 152 141 177
69 0 0 20 0 1 0 0 64 0 98 8 210 156 199 219 155 176 226 184
69 0 0 20 0 1 0 0 64 0 151 244 201 170 28 150 91 50 161 130
69 0 0 20 0 1 0 0 64 0 19 237 21 187 194 153 55 153 87 15
69 0 0 20 0 1 0 0 64 0 55 39 216 238 144 115 12 48 206 48
69 0 0 20 0 1 0 0 64 0 162 105 26 82 33 229 14 152 141 177
69 0 0 20 0 1 0 0 64 0 39 4 204 90 51 70 151 114 188 210
69 0 0 20 0 1 0 0 64 0 149 119 88 100 161 161 219 87 16 21
69 0 0 20 0 1 0 0 64 0 32 128 13 183 89 158 52 8 191 12
69 0 0 20 0 1 0 0 64 0 125 205 116 15 19 206 203 174 169 144
69 0 0 20 0 1 0 0 64 0 59 245 89 132 112 214 82 149 34 5
69 0 0 20 0 1 0 0 64 0 31 7 95 134 29 25 209 16 14 51
69 0 0 20 0 1 0 0 64 0 162 105 26 82 33 229 14 152 141 177
69 0 0 20 0 1 0 0 64 0 225 173 117 41 96 218 139 22 56 34
69 0 0 20 0 1 0 0 64 0 237 246 186 216 241 121 223 158 1 2
69 0 0 20 0 1 0 0 64 0 157 4 13 198 222 181 87 253 153 108
69 0 0 20 0 1 0 0 64 0 55 39 216 238 144 115 12 48 206 48
69 0 0 20 0 1 0 0 64 0 192 210 55 234 147 233 144 22 94 45
69 0 0 20 0 1 0 0 64 0 220 233 104 244 215 58 21 119 72 90
69 0 0 20 0 1 0 0 64 0 192 210 55 234 147 233 144 22 94 45
69 0 0 20 0 1 0 0 64 0 192 210 55 234 147 233 144 22 94 45
69 0 0 20 0 1 0 0 64 0 55 39 216 238 144 115 12 48 206 48
69 0 0 20 0 1 0 0 64 0 231 233 63 7 252 88 20 110 67 50
69 0 0 20 0 1 0 0 64 0 197 97 166 137 131 171 115 217 23 122
69 0 0 20 0 1 0 0 64 0 70 2 203 155 125 155 143 36 92 140
69 0 0 20 0 1 0 0 64 0 37 226 206 233 57 36 89 159 243 90
69 0 0 20 0 1 0 0 64 0 225 173 117 41 96 218 139 22 56 34
69 0 0 20 0 1 0 0 64 0 151 244 201 170 28 150 91 50 161 130
69 0 0 20 0 1 0 0 64 0 225 173 117 41 96 218 139 22 56 34
69 0 0 20 0 1 0 0 64 0 196 47 22 36 152 136 156 13 108 0
69 0 0 20 0 1 0 0 64 0 1 184 169 188 251 255 10 86 201 31
69 0 0 20 0 1 0 0 64 0 130 94 130 192 121 190 145 199 106 69
69 0 0 20 0 1 0 0 64 0 98 8 210 156 199 219 155 176 226 184
69 0 0 20 0 1 0 0 64 0 225 173 117 41 96 218 139 22 56 34
69 0 0 20 0 1 0 0 64 0 57 80 194 73 84 225 219 222 78 144
69 0 0 20 0 1 0 0 64 0 151 244 201 170 28 150 91 50 161 130
69 0 0 20 0 1 0 0 64 0 98 8 210 156 199 219 155 176 226 184
69 0 0 20 0 1 0 0 64 0 151 244 201 170 28 150 91 50 161 130
69 0 0 20 0 1 0 0 64 0 55 39 216 238 144 115 12 48 206 48
69 0 0 20 0 1 0 0 64 0 212 234 216 36 142 192 32 22 31 4
69 0 0 20 0 1 0 0 64 0 225 173 117 41 96 218 139 22 56 34
69 0 0 20 0 1 0 0 64 0 192 210 55 234 147 233 144 22 94 45
69 0 0 20 0 1 0 0 64 0 206 93 168 186 42 75 155 29 62 105
69 0 0 20 0 1 0 0 64 0 74 28 144 249 130 41 59 229 225 197
69 0 0 20 0 1 0 0 64 0 82 79 218 224 230 81 40 173 62 187
69 0 0 20 0 1 0 0 64 0 151 244 201 170 28 150 91 50 161 130
69 0 0 20 0 1 0 0 64 0 37 132 104 158 82 210 94 7 59 238
69 0 0 20 0 1 0 0 64 0 134 212 153 176 34 55 148 71 163 230
69 0 0 20 0 1 0 0 64 0 89 179 208 139 22 224 50 54 7 149
69 0 0 20 0 1 0 0 64 0 203 155 175 165 34 163 6 60 214 201
69 0 0 20 0 1 0 0 64 0 55 39 216 238 144 115 12 48 206 48
69 0 0 20 0 1 0 0 64 0 93 76 158 154 139 4 52 144 191 110
69 0 0 20 0 1 0 0 64 0 98 8 210 156 199 219 155 176 226 184
69 0 0 20 0 1 0 0 64 0 143 212 67 201 124 188 219 23 79 120
69 0 0 20 0 1 0 0 64 0 153 161 119 251 37 139 64 160 3 34
69 0 0 20 0 1 0 0 64 0 55 39 216 238 144 115 12 48 206 48
69 0 0 20 0 1 0 0 64 0 104 239 53 210 0 176 103 69 116 51
69 0 0 20 0 1 0 0 64 0 145 166 68 201 75 88 137 154 207 135
69 0 0 20 0 1 0 0 64 0 32 128 13 183 89 158 52 8 191 12
69 0 0 20 0 1 0 0 64 0 55 39 216 238 144 115 12 48 206 48
69 0 0 20 0 1 0 0 64 0 118 178 32 2 106 204 46 236 74 125
69 0 0 20 0 1 0 0 64 0 16 133 65 174 19 38 203 154 73 246
69 0 0 20 0 1 0 0 64 0 237 239 149 55 5 164 138 1 104 29
69 0 0 20 0 1 0 0 64 0 208 16 212 209 112 187 9 219 91 113
69 0 0 20 0 1 0 0 64 0 37 132 104 158 82 210 94 7 59 238
69 0 0 20 0 1 0 0 64 0 216 184 183 162 253 112 177 21 60 8
69 0 0 20 0 1 0 0 64 0 35 213 212 137 45 56 121 32 220 50
69 0 0 20 0 1 0 0 64 0 37 21 31 150 177 85 97 53 35 180
69 0 0 20 0 1 0 0 64 0 235 251 139 155 168 48 46 178 44 112
69 0 0 20 0 1 0 0 64 0 22 194 84 197 108 74 111 0 52 24
69 0 0 20 0 1 0 0 64 0 211 215 26 176 21 189 88 115 30 50
69 0 0 20 0 1 0 0 64 0 15 238 60 96 179 242 27 162 95 7
69 0 0 20 0 1 0 0 64 0 25 124 211 157 248 101 55 155 93 207
69 0 0 20 0 1 0 0 64 0 37 132 104 158 82 210 94 7 59 238
69 0 0 20 0 1 0 0 64 0 41 6 118 29 240 231 19 153 215 69
69 0 0 20 0 1 0 0 64 0 98 8 210 156 199 219 155 176 226 184
69 0 0 20 0 1 0 0 64 0 98 8 210 156 199 219 155 176 226 184
69 0 0 20 0 1 0 0 64 0 116 48 1 127 230 6 42 99 244 208
69 0 0 20 0 1 0 0 64 0 55 39 216 238 144 115 12 48 206 48
69 0 0 20 0 1 0 0 64 0 224 189 156 201 155 31 58 45 40 22
69 0 0 20 0 1 0 0 64 0 213 106 138 99 228 222 190 177 119 139
69 0 0 20 0 1 0 0 64 0 185 89 134 242 202 26 175 191 192 195
69 0 0 20 0 1 0 0 64 0 32 128 13 183 89 158 52 8 191 12
69 0 0 20 0 1 0 0 64 0 192 210 55 234 147 233 144 22 94 45
69 0 0 20 0 1 0 0 64 0 200 250 48 188 204 255 171 164 8 143
69 0 0 20 0 1 0 0 64 0 98 8 210 156 199 219 155 176 226 184
69 0 0 20 0 1 0 0 64 0 55 39 216 238 144 115 12 48 206 48
69 0 0 20 0 1 0 0 64 0 32 128 13 183 89 158 52 8 191 12
69 0 0 20 0 1 0 0 64 0 98 8 210 156 199 219 155 176 226 184
69 0 0 20 0 1 0 0 64 0 162 105 26 82 33 229 14 152 141 177
69 0 0 20 0 1 0 0 64 0 123 162 196 241 162 165 112 194 38 238
69 0 0 20 0 1 0 0 64 0 192 210 55 234 147 233 144 22 94 45
69 0 0 20 0 1 0 0 64 0 88 51 162 243 14 216 10 178 102 57
69 0 0 20 0 1 0 0 64 0 225 173 117 41 96 218 139 22 56 34
69 0 0 20 0 1 0 0 64 0 7 58 40 167 31 180 68 240 230 100
69 0 0 20 0 1 0 0 64 0 37 132 104 158 82 210 94 7 59 238
69 0 0 20 0 1 0 0 64 0 225 197 129 30 14 189 141 240 123 88
69 0 0 20 0 1 0 0 64 0 98 8 210 156 199 219 155 176 226 184
69 0 0 20 0 1 0 0 64 0 225 173 117 41 96 218 139 22 56 34
69 0 0 20 0 1 0 0 64 0 151 244 201 170 28 150 91 50 161 130
69 0 0 20 0 1 0 0 64 0 37 132 104 158 82 210 94 7 59 238
69 0 0 20 0 1 0 0 64 0 213 187 126 158 134 173 106 154 53 72
69 0 0 20 0 1 0 0 64 0 225 173 117 41 96 218 139 22 56 34
69 0 0 20 0 1 0 0 64 0 191 13 101 144 78 200 105 221 157 166
69 0 0 20 0 1 0 0 64 0 37 132 104 158 82 210 94 7 59 238
69 0 0 20 0 1 0 0 64 0 148 165 203 155 162 15 126 169 249 239
69 0 0 20 0 1 0 0 64 0 137 101 205 163 196 120 22 7 73 97
69 0 0 20 0 1 0 0 64 0 225 173 117 41 96 218 139 22 56 34
69 0 0 20 0 1 0 0 64 0 32 128 13 183 89 158 52 8 191 12
69 0 0 20 0 1 0 0 64 0 219 252 159 228 242 246 118 59 149 214
69 0 0 20 0 1 0 0 64 0 243 235 63 10 201 215 35 129 90 155
69 0 0 20 0 1 0 0 64 0 81 120 105 228 5 98 183 219 2 80
69 0 0 20 0 1 0 0 64 0 254 188 93 10 197 188 37 188 51 170
69 0 0 20 0 1 0 0 64 0 145 168 109 147 105 94 117 31 157 48
69 0 0 20 0 1 0 0 64 0 245 110 114 74 243 122 171 218 115 219
69 0 0 20 0 1 0 0 64 0 192 210 55 234 147 233 144 22 94 45
69 0 0 20 0 1 0 0 64 0 225 173 117 41 96 218 139 22 56 34
